raw_data/climate/mean_summer_rainfall.txt
ncols 886
nrows 691
xllcenter 112.0000
yllcenter -44.5000
cellsize 0.0500
nodata_value 99999.90
[rows 99 to 131 of 691, columns 525 to 599 of 886]
719.16 724.60 730.03 735.46 741.02 746.66 753.36 759.50 765.63 771.88 778.13 784.42 790.96 797.53 804.09 810.51 816.95 823.38 829.74 836.33 847.14 853.84 860.21 866.87 873.64 880.29 887.21 894.07 900.85 907.75 914.49 922.25 930.83 937.50 944.36 950.96 955.31 958.95 962.41 965.91 969.27 972.43 975.55 978.55 981.21 985.22 989.33 991.38 993.51 995.45 997.12 998.70 1000.04 1001.26 1002.23 1002.86 1003.30 1003.37 1002.85 1002.02 1000.60 998.85 996.84 994.22 991.21 987.88 983.88 979.28 974.28 968.73 962.70 956.53 949.12 941.20 932.53
718.94 724.30 729.72 735.12 740.53 746.15 752.84 758.93 764.90 771.08 777.18 783.57 789.82 796.25 802.64 809.02 815.29 821.57 827.70 834.17 844.81 851.32 857.65 864.14 870.55 877.28 884.03 890.78 897.33 903.93 910.45 918.23 926.58 933.23 939.81 946.23 950.46 953.90 957.40 960.78 963.92 967.04 970.01 972.87 975.53 979.35 983.32 985.32 987.30 989.20 990.87 992.18 993.45 994.64 995.58 996.25 996.59 996.54 996.25 995.30 994.19 992.43 990.42 988.23 985.58 982.54 978.55 974.03 968.92 963.63 957.46 951.13 943.62 935.44 926.77
718.80 723.97 729.30 734.73 740.05 745.72 752.31 758.21 764.14 770.25 776.28 782.53 788.70 794.89 801.16 807.39 813.58 819.66 825.63 831.99 842.36 848.78 855.01 861.29 867.70 874.20 880.71 887.28 893.68 900.10 906.48 913.97 922.20 928.67 935.22 941.51 945.58 948.93 952.31 955.57 958.68 961.70 964.47 967.17 969.75 973.36 977.25 979.26 981.21 983.09 984.48 985.75 987.13 988.13 988.92 989.64 989.75 989.77 989.58 988.74 987.73 986.17 984.34 982.41 979.93 976.90 973.27 968.98 964.08 958.65 952.71 946.16 938.71 930.37 922.01
718.49 723.66 728.99 734.24 739.60 745.15 751.72 757.60 763.45 769.35 775.36 781.46 787.45 793.44 799.59 805.70 811.74 817.58 823.46 829.75 840.04 846.27 852.34 858.40 864.57 871.01 877.42 883.70 890.00 896.16 902.36 909.76 917.76 924.10 930.40 936.48 940.56 944.01 947.30 950.40 953.38 956.29 958.92 961.48 963.88 967.37 971.22 973.09 975.08 976.71 978.15 979.42 980.78 981.62 982.47 982.98 983.21 983.24 982.89 982.34 981.31 979.91 978.39 976.69 974.30 971.61 968.11 964.01 959.27 953.88 948.15 941.58 933.88 925.78 917.35
718.25 723.41 728.55 733.88 739.24 744.65 751.17 756.90 762.62 768.40 774.31 780.21 786.10 791.97 797.97 803.86 809.69 815.40 821.30 827.56 837.53 843.66 849.53 855.56 861.57 867.70 873.93 880.04 886.10 892.19 898.30 905.35 913.32 919.40 925.63 931.50 935.49 938.86 942.01 945.07 948.15 950.85 953.34 955.73 957.97 961.36 965.10 967.07 968.77 970.37 971.76 972.97 974.16 975.16 975.91 976.41 976.68 976.69 976.40 975.93 974.94 973.75 972.46 970.98 968.87 966.23 963.00 959.31 954.96 949.97 943.56 936.74 929.26 921.26 912.93
717.83 723.00 728.22 733.51 738.82 744.19 750.50 756.13 761.75 767.42 773.20 778.96 784.71 790.42 796.17 801.82 807.67 813.34 819.09 825.17 835.02 840.98 846.70 852.44 858.41 864.42 870.35 876.29 882.23 888.06 893.91 900.98 908.76 914.76 920.71 926.47 930.46 933.58 936.63 939.65 942.49 945.17 947.74 950.05 952.06 955.26 959.01 960.92 962.54 964.04 965.39 966.51 967.66 968.57 969.23 969.84 970.13 970.16 970.05 969.48 968.56 967.54 966.53 965.25 963.40 961.22 958.36 955.05 950.82 946.04 939.79 932.83 925.40 917.09 908.16
717.58 722.69 727.89 733.11 738.28 743.62 749.81 755.30 760.83 766.42 771.98 777.60 783.30 788.77 794.38 799.96 805.55 811.24 816.80 822.79 832.47 838.29 843.81 849.48 855.29 861.03 866.75 872.47 878.25 883.94 889.74 896.52 904.05 909.93 915.77 921.38 925.20 928.20 931.23 934.17 936.77 939.46 941.91 943.95 946.06 949.30 952.93 954.70 956.18 957.65 959.05 960.17 961.15 961.98 962.66 963.23 963.45 963.55 963.45 962.97 962.23 961.39 960.54 959.43 957.96 955.88 953.69 950.85 947.00 942.18 936.25 929.07 921.57 912.85 903.82
717.29 722.41 727.49 732.63 737.76 743.02 749.13 754.54 759.86 765.30 770.74 776.30 781.75 787.18 792.61 798.00 803.51 809.03 814.49 820.41 829.86 835.49 840.99 846.48 851.91 857.53 863.13 868.61 874.22 879.74 885.29 892.03 899.45 905.04 910.64 916.11 919.78 922.70 925.63 928.43 931.02 933.64 935.93 937.88 940.03 943.19 946.70 948.50 949.90 951.26 952.54 953.65 954.59 955.59 956.17 956.59 956.80 956.98 956.89 956.53 955.85 955.22 954.46 953.49 952.32 950.93 949.08 946.83 943.58 938.84 933.12 925.81 917.75 908.52 899.25
717.03 721.98 727.00 732.12 737.19 742.35 748.39 753.63 758.82 764.15 769.55 774.87 780.25 785.46 790.73 796.14 801.38 806.71 812.22 818.00 827.23 832.83 838.10 843.45 848.69 854.01 859.44 864.83 870.24 875.57 880.90 887.45 894.66 900.05 905.51 910.78 914.30 917.07 919.83 922.61 925.18 927.62 929.81 931.87 933.80 937.00 940.58 942.05 943.38 944.75 946.08 947.18 948.11 948.83 949.50 950.00 950.34 950.38 950.26 949.80 949.47 948.85 948.34 947.45 946.59 945.44 944.16 942.40 939.51 935.40 929.79 922.76 914.17 904.60 894.87
717.68 722.63 727.55 732.44 737.52 742.72 748.52 753.59 758.71 763.93 769.12 774.27 779.53 784.71 789.84 795.00 800.15 805.37 810.65 816.28 825.14 830.59 835.71 840.78 845.90 851.00 856.23 861.43 866.57 871.74 876.94 883.23 890.11 895.29 900.42 905.63 908.81 911.51 914.19 916.70 919.20 921.54 923.67 925.70 927.65 930.78 934.28 935.63 936.94 938.28 939.49 940.50 941.42 942.26 942.81 943.23 943.37 943.62 943.55 943.26 942.95 942.47 941.84 941.30 940.38 939.69 939.00 937.62 935.33 932.35 927.20 919.58 910.45 900.88 890.76
720.86 725.55 730.48 735.38 740.35 745.30 751.00 756.01 760.94 765.89 770.99 776.02 781.03 786.07 790.95 795.95 800.99 806.01 811.07 816.51 824.34 829.51 834.43 839.30 844.20 849.16 854.10 859.02 864.02 869.01 873.87 879.78 886.14 891.02 896.04 900.83 903.87 906.34 908.79 911.11 913.42 915.50 917.63 919.58 921.43 924.53 928.00 929.43 930.67 931.88 933.02 933.96 934.69 935.35 935.99 936.33 936.71 936.78 936.63 936.37 936.20 935.91 935.41 934.70 934.09 933.42 933.00 931.84 930.10 928.44 924.80 916.03 905.53 895.38 885.27
720.25 724.89 729.76 734.59 739.38 744.37 749.95 754.92 759.80 764.56 769.37 774.35 779.28 784.08 788.99 793.84 798.69 803.65 808.60 813.85 821.55 826.58 831.35 836.03 840.90 845.66 850.40 855.16 859.94 864.60 869.46 875.08 881.25 886.02 890.72 895.29 898.30 900.62 902.85 905.05 907.05 909.04 911.22 913.04 914.75 917.96 921.42 922.66 923.96 925.14 926.12 927.11 927.71 928.45 929.01 929.23 929.51 929.72 929.61 929.47 929.27 928.91 928.35 927.71 927.18 926.76 926.02 924.79 923.03 921.95 918.73 909.53 899.36 888.80 879.00
719.53 724.24 728.91 733.65 738.45 743.39 748.97 753.83 758.47 763.14 767.89 772.69 777.53 782.21 786.92 791.74 796.47 801.31 806.21 811.26 818.75 823.64 828.22 832.90 837.48 842.09 846.70 851.23 855.78 860.39 864.85 870.38 876.40 880.86 885.36 889.79 892.52 894.74 896.89 898.89 900.88 902.84 904.66 906.38 908.16 911.32 914.62 915.90 917.08 918.23 919.21 919.99 920.78 921.29 921.74 922.11 922.33 922.49 922.28 922.10 922.04 921.59 921.03 920.47 919.77 919.50 918.10 916.48 914.36 911.64 907.30 899.97 891.12 881.37 872.50
718.87 723.42 727.97 732.75 737.55 742.33 747.78 752.50 757.04 761.73 766.39 770.97 775.68 780.28 784.88 789.68 794.28 798.93 803.71 808.61 815.79 820.64 825.12 829.62 834.17 838.41 842.87 847.36 851.69 856.02 860.48 865.65 871.50 875.74 879.90 884.18 886.84 888.87 890.86 892.69 894.67 896.50 898.16 899.87 901.53 904.45 907.65 908.94 910.10 911.20 912.18 912.96 913.65 913.98 914.39 914.69 914.78 914.93 914.81 914.61 914.50 913.95 913.20 912.71 911.96 911.40 909.72 907.46 904.73 901.22 895.91 889.22 881.72 873.24 865.38
718.07 722.59 727.13 731.73 736.47 741.22 746.51 751.14 755.63 760.15 764.71 769.31 773.87 778.37 782.90 787.47 792.02 796.55 801.21 805.92 812.73 817.40 821.85 826.22 830.49 834.75 839.02 843.29 847.48 851.70 855.86 860.98 866.46 870.56 874.47 878.51 881.09 883.03 884.74 886.54 888.31 889.95 891.64 893.30 894.82 897.72 900.98 902.09 903.01 904.05 904.91 905.68 906.37 906.66 906.95 907.19 907.19 907.29 907.10 906.81 906.52 906.13 905.35 904.47 903.53 902.48 900.67 897.97 894.71 890.71 886.08 879.10 872.02 864.66 856.63
717.18 721.66 726.13 730.73 735.29 739.96 745.19 749.70 754.18 758.64 763.00 767.47 771.97 776.40 780.87 785.39 789.78 794.12 798.52 803.09 809.74 814.27 818.52 822.71 826.88 830.87 835.11 839.27 843.21 847.27 851.33 856.08 861.48 865.28 868.98 872.90 875.29 876.95 878.63 880.27 881.82 883.49 885.09 886.59 888.09 890.95 894.13 895.16 896.04 896.83 897.66 898.36 898.86 899.13 899.35 899.59 899.56 899.43 899.28 898.94 898.56 897.83 896.99 896.06 895.15 893.60 891.26 888.19 884.36 880.36 875.14 869.24 862.92 855.94 848.48
716.27 720.69 725.12 729.55 733.95 738.63 743.80 748.25 752.64 756.99 761.28 765.67 770.11 774.49 778.81 783.24 787.46 791.62 795.87 800.25 806.62 811.03 815.14 819.07 823.12 827.15 831.10 834.95 838.82 842.78 846.63 851.34 856.37 859.92 863.46 867.14 869.28 870.84 872.40 873.91 875.42 876.97 878.43 880.02 881.46 884.14 887.22 888.31 889.01 889.79 890.34 890.85 891.34 891.50 891.72 891.85 891.72 891.54 891.34 890.93 890.33 889.56 888.64 887.48 886.37 884.46 881.93 878.81 874.88 870.96 866.47 860.57 854.42 847.81 841.10
715.20 719.55 723.95 728.29 732.59 737.17 742.21 746.68 751.06 755.33 759.57 763.97 768.18 772.40 776.75 780.93 785.03 789.08 793.18 797.39 803.63 807.84 811.71 815.55 819.36 823.19 827.12 830.85 834.51 838.19 841.91 846.31 851.18 854.61 857.98 861.30 863.29 864.71 866.05 867.58 869.09 870.48 871.95 873.42 874.73 877.29 880.33 881.19 881.96 882.50 883.02 883.58 883.86 883.94 884.00 883.98 883.89 883.75 883.25 882.73 882.07 881.14 880.03 878.79 877.53 875.21 872.87 869.38 865.94 862.19 857.77 852.34 846.86 840.16 833.25
714.09 718.35 722.62 726.97 731.23 735.60 740.63 745.05 749.29 753.58 757.86 762.08 766.28 770.51 774.46 778.54 782.59 786.55 790.51 794.57 800.45 804.47 808.35 811.86 815.54 819.25 822.94 826.47 830.05 833.56 837.03 841.38 845.90 849.00 852.33 855.49 857.24 858.64 859.95 861.22 862.71 864.12 865.51 866.81 867.99 870.50 873.37 874.14 874.71 875.27 875.72 876.12 876.40 876.28 876.30 876.29 875.99 875.76 875.31 874.57 873.64 872.77 871.49 870.04 868.35 866.21 863.57 860.21 856.76 852.99 848.27 843.52 838.41 832.03 825.21
712.68 716.95 721.26 725.47 729.74 734.06 738.91 743.27 747.55 751.76 755.92 760.15 764.30 768.27 772.20 776.14 780.04 783.88 787.70 791.57 797.23 801.15 804.72 808.20 811.71 815.17 818.64 822.13 825.49 828.80 832.12 836.11 840.52 843.56 846.53 849.51 851.20 852.44 853.78 855.08 856.30 857.53 858.93 860.03 861.23 863.76 866.36 866.92 867.49 867.88 868.42 868.76 868.73 868.61 868.58 868.39 868.10 867.89 867.17 866.45 865.46 864.38 862.98 861.52 859.86 857.37 854.39 851.31 847.41 843.27 838.58 833.99 828.83 823.27 817.31
711.25 715.54 719.72 723.95 728.18 732.39 737.22 741.52 745.64 749.83 754.01 758.06 762.05 766.01 769.82 773.71 777.47 781.13 784.78 788.56 793.99 797.68 801.20 804.42 807.75 811.08 814.39 817.67 820.86 823.93 827.08 830.90 834.94 837.79 840.72 843.40 845.03 846.31 847.47 848.69 849.86 850.97 852.23 853.41 854.48 856.75 859.36 859.82 860.15 860.67 861.04 861.12 861.12 861.06 860.86 860.39 860.15 859.80 859.11 858.31 857.29 856.08 854.60 853.01 851.02 848.77 845.83 842.44 838.81 834.41 830.07 826.22 821.17 816.25 810.86
709.99 714.25 718.52 722.64 726.87 731.05 735.83 740.08 744.20 748.36 752.43 756.38 760.26 764.21 767.96 771.67 775.44 778.90 782.40 786.14 791.21 794.65 797.93 801.09 804.16 807.45 810.55 813.46 816.47 819.44 822.30 825.82 829.62 832.14 834.81 837.44 838.87 840.13 841.28 842.28 843.44 844.46 845.61 846.62 847.54 849.76 852.20 852.52 852.91 853.21 853.40 853.53 853.28 853.12 852.95 852.52 852.00 851.54 850.77 849.67 848.85 847.53 845.83 844.21 842.39 840.08 837.07 833.87 829.97 826.15 822.29 818.09 813.53 809.12 804.13
708.66 712.83 717.04 721.28 725.35 729.59 734.27 738.38 742.50 746.53 750.49 754.42 758.29 762.08 765.81 769.51 773.00 776.55 779.94 783.37 788.10 791.49 794.53 797.47 800.57 803.47 806.30 809.22 812.09 814.70 817.40 820.63 823.94 826.41 828.99 831.44 832.83 833.87 834.85 835.87 837.00 837.97 838.95 839.90 840.66 842.67 844.97 845.24 845.46 845.82 845.93 845.66 845.51 845.33 845.02 844.48 843.85 843.24 842.46 841.50 840.35 838.92 837.29 835.22 833.43 830.88 827.66 824.58 820.99 817.82 813.39 809.99 806.24 801.44 796.84
707.06 711.19 715.34 719.45 723.63 727.75 732.29 736.34 740.41 744.24 748.13 752.14 755.87 759.61 763.37 766.82 770.24 773.72 776.91 780.18 784.74 787.79 790.70 793.64 796.33 799.15 801.85 804.33 806.99 809.62 811.94 814.81 818.22 820.54 822.84 825.27 826.61 827.57 828.48 829.50 830.35 831.35 832.30 832.98 833.75 835.66 837.78 837.97 838.26 838.31 838.30 838.09 837.70 837.44 837.13 836.52 835.91 835.31 834.39 833.31 832.06 830.47 828.83 826.81 824.94 822.45 819.32 816.33 813.22 809.98 805.52 802.24 798.79 794.15 789.54
705.36 709.42 713.68 717.80 721.68 725.85 730.27 734.18 738.18 742.01 745.81 749.77 753.51 757.06 760.72 764.12 767.48 770.79 773.93 776.97 781.31 784.24 787.01 789.66 792.21 794.69 797.19 799.58 801.93 804.29 806.43 809.19 812.33 814.49 816.74 819.06 820.36 821.25 822.10 822.82 823.81 824.72 825.49 826.21 826.76 828.44 830.51 830.66 830.78 830.87 830.74 830.34 830.09 829.65 829.13 828.55 827.96 827.29 826.40 825.17 823.65 822.35 820.41 818.55 816.52 813.78 810.86 807.80 804.38 802.13 798.67 795.10 791.15 786.51 781.61
703.64 707.78 711.84 715.89 719.85 723.67 728.06 732.00 735.85 739.71 743.45 747.25 750.86 754.53 758.05 761.35 764.65 767.86 770.78 773.78 777.92 780.57 783.15 785.61 787.83 790.19 792.41 794.50 796.58 798.86 800.74 803.36 806.34 808.43 810.62 812.71 813.90 814.86 815.53 816.22 817.16 817.83 818.53 819.13 819.62 821.31 823.25 823.28 823.27 823.23 823.06 822.63 822.28 821.71 821.24 820.78 819.93 819.08 818.32 816.91 815.44 813.97 812.02 810.56 807.96 805.42 802.39 799.31 796.02 793.90 791.34 787.90 783.76 779.07 774.58
701.94 705.88 709.94 713.93 717.73 721.60 725.85 729.75 733.54 737.35 741.03 744.59 748.33 751.82 755.27 758.63 761.73 764.77 767.72 770.52 774.42 776.94 779.29 781.39 783.49 785.53 787.50 789.36 791.29 793.11 795.00 797.43 800.32 802.27 804.35 806.32 807.48 808.19 808.88 809.47 810.29 810.96 811.50 812.05 812.48 814.11 815.86 815.70 815.71 815.60 815.21 814.83 814.42 813.91 813.35 812.77 811.95 811.10 810.12 808.64 807.20 805.59 803.78 802.15 799.66 797.12 794.19 791.21 788.18 786.14 783.20 780.01 776.27 771.87 767.71
700.11 704.00 708.05 711.81 715.65 719.42 723.67 727.41 731.22 734.86 738.40 742.03 745.60 749.06 752.55 755.69 758.79 761.66 764.43 767.16 770.85 773.25 775.32 777.16 779.01 780.84 782.45 784.08 785.70 787.51 789.13 791.39 794.03 796.00 797.88 799.74 800.76 801.47 802.09 802.81 803.35 803.90 804.50 804.96 805.16 806.75 808.51 808.13 807.98 807.89 807.30 806.85 806.55 805.97 805.40 804.65 803.88 803.03 802.03 800.50 798.90 797.23 795.64 793.89 791.56 789.01 786.16 783.51 780.45 778.09 775.11 771.32 767.94 764.24 760.10
698.04 701.92 705.93 709.69 713.43 717.14 721.27 725.08 728.66 732.25 735.77 739.33 742.80 746.18 749.55 752.68 755.71 758.52 761.16 763.75 767.30 769.31 771.11 772.89 774.37 775.87 777.38 778.68 780.15 781.71 783.21 785.25 787.81 789.53 791.23 793.00 793.97 794.63 795.25 795.75 796.42 796.91 797.26 797.70 797.99 799.25 800.76 800.62 800.30 799.92 799.63 799.06 798.45 797.99 797.25 796.56 795.96 794.97 793.68 792.16 790.65 789.02 787.49 786.01 783.03 780.64 778.17 775.40 772.29 769.64 766.08 762.89 759.95 756.44 753.08
695.95 699.87 703.77 707.45 711.15 714.73 718.71 722.39 726.02 729.47 732.96 736.42 739.79 743.07 746.43 749.56 752.51 755.30 757.89 760.22 763.43 765.24 766.92 768.40 769.65 770.94 773.14 774.23 774.58 776.05 777.25 779.16 781.62 782.99 784.59 786.29 786.98 787.61 788.30 788.76 789.16 789.82 790.11 790.26 790.57 791.65 793.04 792.98 792.52 792.06 791.83 791.25 790.53 789.84 789.23 788.44 787.77 786.56 785.30 784.00 782.40 780.83 779.33 776.63 774.39 772.20 769.75 767.08 764.00 760.98 757.88 755.05 752.03 748.98 745.68
693.73 697.58 701.42 705.07 708.61 712.13 716.03 719.61 723.10 726.57 729.98 733.35 736.67 739.86 743.13 746.26 749.24 751.97 754.47 756.69 759.41 761.02 762.67 764.21 766.76 768.74 768.73 771.11 769.65 770.62 771.28 772.94 775.15 776.49 777.88 779.35 780.03 780.60 781.03 781.52 782.06 782.46 782.75 782.98 783.00 784.04 785.52 785.22 784.75 784.37 783.93 783.27 782.61 781.93 781.07 780.47 779.73 778.35 777.10 775.84 774.21 772.71 772.12 769.29 766.68 764.29 761.35 758.36 755.27 752.44 749.76 747.27 744.13 741.27 738.49
691.40 695.13 698.83 702.44 705.78 709.24 713.09 716.50 720.00 723.36 726.61 729.93 733.22 736.41 739.73 742.81 745.71 748.53 750.87 752.94 756.36 757.87 759.82 761.88 763.57 763.65 761.69 765.14 765.89 765.58 765.22 766.70 768.72 769.81 771.10 772.36 772.87 773.45 773.81 774.21 774.68 775.07 775.20 775.41 775.49 776.37 777.80 777.61 776.96 776.39 776.03 775.35 774.69 774.02 773.34 772.41 771.53 770.27 768.92 767.67 766.05 764.62 763.32 761.11 758.42 756.52 754.08 751.64 748.21 745.07 742.86 740.44 737.44 735.49 731.89
688.90 692.46 696.04 699.48 702.68 706.09 709.93 713.34 716.60 719.79 723.06 726.25 729.48 732.72 735.94 739.12 742.00 744.85 747.38 749.43 754.90 756.58 757.13 757.54 756.45 755.55 755.77 757.06 757.33 758.20 758.88 760.24 762.01 762.93 764.04 765.26 765.76 766.13 766.55 766.74 767.14 767.48 767.62 767.78 767.87 768.88 770.10 769.78 769.31 768.70 768.13 767.35 766.82 766.12 765.22 764.54 763.57 762.11 761.01 759.67 757.88 756.56 754.91 752.76 750.65 748.78 746.57 744.39 741.64 739.01 735.96 733.60 730.71 727.91 725.19
