raw_data/climate/mean_summer_rainfall.txt
ncols 886
nrows 691
xllcenter 112.0000
yllcenter -44.5000
cellsize 0.0500
nodata_value 99999.90
[rows 132 to 164 of 691, columns 375 to 449 of 886]
515.69 513.86 511.54 509.54 507.82 505.81 504.11 501.00 498.93 496.28 494.89 492.95 491.88 489.62 488.76 485.46 482.77 481.14 479.46 477.92 477.54 478.53 480.48 483.12 485.85 488.36 489.96 491.61 492.92 493.12 492.03 490.06 488.34 487.42 485.95 483.79 482.26 480.50 478.65 476.62 473.95 472.11 470.49 469.59 470.18 471.13 472.40 474.36 477.77 480.42 483.02 485.30 486.77 487.37 487.14 486.22 484.94 483.42 481.99 480.64 479.39 478.46 477.11 476.14 475.32 475.20 475.49 475.89 475.46 475.36 475.22 475.44 475.96 476.87 476.99
510.50 508.59 505.79 503.25 501.57 499.34 497.49 494.64 491.21 488.84 486.93 484.86 483.18 481.62 480.72 477.61 475.97 474.61 472.67 470.80 469.31 470.81 473.15 475.51 477.76 479.80 482.19 483.43 484.83 484.93 484.23 482.33 481.10 480.67 479.58 478.15 476.26 474.86 473.19 471.46 469.10 466.96 465.71 465.39 465.73 466.60 467.82 470.06 473.44 475.54 478.22 480.35 481.85 483.13 483.13 481.95 480.62 479.21 477.81 476.25 474.84 473.57 471.94 470.93 470.17 470.25 470.28 470.25 469.74 469.33 469.58 470.31 470.92 471.53 471.85
505.05 501.98 499.30 497.73 495.18 492.78 491.01 487.38 484.12 481.01 478.95 477.08 475.40 473.63 471.94 470.09 469.39 467.97 466.96 464.67 464.07 464.50 466.75 468.54 470.71 472.49 473.99 476.23 477.35 477.45 476.60 475.34 475.15 474.52 473.83 472.63 470.88 470.16 468.31 466.44 464.75 463.05 461.85 460.92 461.24 462.12 463.64 465.47 468.23 470.74 473.55 475.31 476.49 478.16 478.24 477.55 476.04 474.23 472.77 471.15 469.56 468.07 466.67 465.25 464.95 464.76 464.43 464.08 463.97 464.15 464.36 465.12 465.58 465.80 466.35
499.00 496.25 494.51 491.60 488.55 486.79 484.33 480.87 477.56 473.90 471.78 469.45 467.61 466.15 464.74 464.08 463.09 462.36 461.41 460.16 459.53 460.00 461.35 462.89 464.98 466.52 468.36 469.83 470.37 470.55 469.86 469.09 469.31 468.73 468.22 467.09 465.63 465.11 463.32 461.61 460.14 459.30 458.38 457.73 457.49 457.88 459.34 460.93 462.92 465.18 468.05 469.73 470.68 471.70 472.33 472.09 470.79 469.02 467.09 465.60 464.02 462.53 460.85 459.74 459.40 458.94 458.42 458.37 458.85 459.60 459.89 459.94 459.83 460.04 460.77
494.68 491.84 489.58 485.84 483.18 481.48 478.62 474.54 470.72 467.29 464.69 463.18 461.19 459.83 458.99 458.22 457.52 456.54 455.48 455.10 455.06 455.68 457.09 459.01 460.01 461.40 462.24 463.06 464.04 463.59 463.14 463.32 463.59 462.94 462.21 461.72 460.58 459.77 458.67 457.36 455.96 455.26 454.73 454.01 453.68 454.15 455.35 456.44 458.01 459.55 461.59 463.13 464.18 465.06 465.86 465.77 464.53 463.10 461.47 459.73 458.23 456.96 455.58 454.19 453.61 453.23 452.89 453.21 453.62 453.83 454.28 454.91 454.82 454.58 455.26
488.87 486.81 483.97 480.80 479.17 476.69 472.37 468.42 465.17 461.28 458.32 457.03 455.16 453.84 452.82 452.22 451.96 451.63 451.11 450.71 450.88 451.63 452.49 454.46 455.06 455.93 456.86 457.92 458.30 457.63 457.81 458.30 458.03 457.19 456.77 456.08 455.45 455.22 454.10 453.18 452.12 451.60 450.97 450.60 449.98 450.15 450.85 451.92 453.10 453.95 455.12 456.23 457.15 457.85 458.67 458.51 457.45 456.37 455.08 453.29 451.91 450.79 450.16 448.90 447.71 447.35 447.48 447.90 448.41 448.38 448.86 449.63 449.52 449.42 449.62
484.25 481.73 479.56 475.70 473.90 471.31 467.07 463.16 459.24 455.45 452.37 450.47 449.17 448.53 447.95 447.53 447.91 447.99 447.43 446.92 447.46 447.77 448.63 450.00 449.97 451.28 451.81 451.83 452.22 452.59 452.96 453.10 452.34 451.93 451.42 450.98 450.24 450.28 449.72 449.04 448.35 447.55 447.03 446.69 446.34 446.19 446.14 446.49 447.35 447.98 448.67 449.32 450.15 450.67 451.07 451.17 450.04 449.29 447.97 446.64 445.15 444.52 443.98 442.91 441.90 441.55 442.05 442.40 442.97 442.74 442.94 443.59 444.06 443.88 444.17
480.05 476.83 474.29 470.61 469.01 465.67 461.35 457.63 453.24 449.56 446.81 444.85 443.70 443.78 443.55 444.02 443.72 444.43 444.24 443.68 443.86 445.15 446.04 445.75 445.48 446.52 446.63 447.56 448.27 448.43 448.43 448.34 447.74 447.37 447.20 446.40 446.26 445.90 445.36 444.92 444.05 443.19 442.88 442.59 442.37 441.93 441.21 441.16 441.46 441.80 442.11 442.46 443.04 443.29 443.59 443.59 442.46 441.51 440.57 439.43 438.53 438.05 437.10 436.62 436.15 435.77 436.15 436.74 436.92 436.73 437.58 437.99 438.21 438.24 438.69
475.39 472.40 468.85 466.35 464.20 460.90 456.70 452.61 448.44 445.20 441.78 439.82 438.81 438.85 439.15 439.98 440.43 440.81 440.71 440.52 440.54 440.59 441.46 441.81 441.55 442.56 442.44 443.24 443.63 443.74 443.68 443.49 443.23 442.94 442.44 442.46 442.15 441.56 440.96 440.42 439.72 439.06 438.74 438.10 437.75 437.22 436.49 436.02 435.70 435.68 435.58 435.75 436.03 436.06 436.10 435.79 434.87 434.16 433.20 432.43 432.19 431.45 430.84 430.71 430.34 429.77 430.24 430.62 430.81 431.17 431.98 432.17 432.21 432.55 433.44
471.59 469.32 465.98 462.37 460.18 456.60 452.50 448.15 444.46 441.22 437.84 435.45 434.76 434.65 435.28 436.35 436.42 436.52 436.36 436.17 436.50 436.71 437.10 437.75 437.92 438.47 438.31 438.81 439.28 439.36 439.03 438.64 438.53 438.41 438.62 438.58 438.14 437.37 436.66 436.09 435.29 434.86 434.49 433.66 432.72 431.97 431.59 431.03 430.38 429.76 429.28 428.97 428.94 428.80 428.81 428.56 427.66 427.05 426.58 425.91 425.45 424.80 424.56 424.47 423.95 423.61 423.93 424.26 424.68 425.27 425.77 425.98 426.29 426.88 428.19
468.48 465.80 463.30 459.87 456.19 451.99 448.41 444.87 442.07 438.77 435.51 433.14 431.78 431.48 431.98 431.85 432.16 432.82 433.12 433.58 433.43 433.11 433.16 433.58 433.71 434.08 434.20 434.39 434.72 434.85 434.93 434.66 434.39 434.62 434.68 434.04 433.55 432.73 432.13 431.70 430.65 430.10 429.71 428.74 427.97 426.84 426.48 426.10 425.11 424.15 423.06 422.48 421.95 421.62 421.44 421.17 420.71 420.15 419.84 419.55 419.13 418.43 418.04 417.82 417.59 418.04 418.33 418.62 418.76 419.06 419.60 420.00 420.62 421.30 422.48
465.11 462.32 459.49 456.37 452.95 449.03 445.19 442.22 440.00 437.32 434.08 431.42 429.74 428.93 428.70 428.88 429.88 430.83 430.77 430.99 430.91 430.46 430.13 430.01 430.43 430.77 431.16 431.27 431.48 431.59 431.22 431.09 430.81 430.38 430.06 429.16 428.82 427.81 427.80 427.49 426.32 425.45 424.92 424.12 423.45 422.49 421.62 420.56 419.73 418.40 416.89 415.87 415.21 414.35 414.09 414.27 413.85 413.52 413.43 413.13 412.91 412.30 411.82 411.81 412.08 412.62 413.46 413.51 413.37 413.62 413.90 414.32 415.17 416.13 416.77
461.57 459.11 455.90 453.20 449.98 446.54 442.60 439.86 437.94 437.18 432.70 430.29 428.50 427.08 426.21 426.40 427.64 428.07 428.03 428.36 428.30 427.98 427.25 427.45 427.59 427.59 428.21 428.17 427.87 427.50 427.27 426.71 426.56 426.37 425.52 424.78 424.29 424.04 423.67 423.04 422.01 421.00 420.21 419.71 419.02 417.93 416.15 414.85 413.84 412.30 410.75 409.62 408.79 407.86 407.66 407.93 407.74 407.83 407.61 407.28 406.96 406.46 406.85 407.02 407.01 407.75 408.58 408.47 408.10 408.08 408.36 408.77 409.34 410.17 410.88
457.51 455.14 452.18 449.22 446.58 443.58 440.23 438.19 435.98 434.88 432.23 429.76 427.36 425.73 424.70 424.10 425.03 425.53 425.37 425.42 425.27 425.02 424.55 424.30 424.46 424.65 424.23 424.01 423.69 423.73 423.24 423.08 422.24 421.71 421.73 420.77 420.21 419.77 419.18 418.48 417.69 416.38 415.49 415.07 414.60 413.11 411.24 409.85 408.33 406.72 404.94 403.43 402.56 401.86 401.47 402.05 402.37 402.96 402.99 403.03 402.57 402.30 402.65 402.86 402.61 403.01 403.32 403.50 403.44 403.26 403.06 403.33 403.68 404.34 405.04
453.34 451.28 448.68 446.11 442.92 440.06 438.32 435.98 435.17 433.47 430.73 428.05 426.08 424.71 422.89 421.97 422.34 422.80 422.67 422.57 422.44 422.03 421.69 421.39 421.14 420.85 420.33 420.29 420.17 419.78 419.72 418.84 418.49 418.34 417.72 416.79 416.26 415.72 414.97 414.23 413.32 412.29 411.59 410.91 409.94 408.39 406.77 405.20 403.50 401.75 399.88 398.21 396.77 395.96 396.88 397.43 398.68 399.62 399.91 399.91 399.31 398.67 398.56 398.30 397.69 397.71 397.72 397.68 397.97 398.16 397.95 397.74 398.07 398.61 399.22
449.57 447.26 444.69 442.46 439.68 437.94 436.33 434.18 433.35 430.98 428.52 426.41 424.37 422.69 421.21 420.21 419.86 420.41 420.10 419.76 419.96 419.48 419.08 418.66 418.16 417.82 417.25 416.73 416.73 416.00 415.86 415.16 415.24 415.01 413.74 413.08 412.57 411.86 411.23 410.39 409.53 408.56 407.76 406.68 405.66 404.14 402.52 400.99 399.20 397.42 395.68 393.96 392.14 390.75 392.65 394.49 396.11 397.47 397.68 397.60 396.99 395.81 394.89 394.11 393.42 392.83 392.59 392.30 392.03 392.15 392.57 392.71 392.44 393.06 393.77
446.14 443.14 440.75 439.23 437.87 436.18 434.50 432.51 430.74 428.80 426.56 424.40 422.61 421.05 420.02 418.61 418.50 418.42 417.77 417.28 417.06 417.02 416.48 415.91 415.39 414.75 414.16 413.56 413.38 412.77 412.20 411.60 411.58 411.01 410.00 409.22 408.53 407.82 407.05 406.59 405.81 404.92 404.13 402.75 401.61 400.13 398.85 397.19 395.26 393.88 392.14 390.70 389.36 387.87 390.62 392.78 394.58 395.94 396.03 395.31 394.44 392.95 391.62 390.56 389.39 388.52 387.70 387.14 386.52 386.49 386.86 387.13 387.13 387.40 388.33
444.16 440.23 437.63 437.03 435.95 434.53 433.36 431.32 429.49 427.12 424.89 422.85 421.36 419.89 418.74 417.27 416.99 416.39 415.57 414.99 414.57 414.59 414.10 413.40 412.63 411.98 411.37 410.69 410.18 409.44 408.98 408.45 407.92 407.15 406.36 405.71 405.00 404.14 403.30 402.76 402.02 401.15 400.32 399.15 398.06 396.36 395.06 393.51 391.99 390.67 389.46 388.71 388.33 388.32 390.96 392.71 393.81 394.71 394.47 393.27 391.82 389.95 388.26 386.86 385.36 384.11 383.00 381.98 381.04 380.66 380.91 381.17 381.14 381.60 382.64
440.63 437.55 436.26 434.63 433.79 432.61 430.99 428.93 427.30 425.13 423.12 421.26 420.16 418.89 417.29 415.83 414.86 414.58 413.56 412.71 412.25 412.40 411.84 410.85 410.02 408.95 408.43 407.86 407.52 406.56 405.73 405.02 404.36 403.68 402.98 402.24 401.43 400.62 399.58 398.87 397.99 397.41 396.50 395.49 394.20 392.85 391.49 390.20 388.99 387.90 387.54 387.24 387.09 387.75 390.56 393.22 393.84 393.58 392.53 390.85 389.00 387.00 384.85 382.94 381.12 379.53 378.10 376.87 375.71 374.98 374.82 375.40 375.84 376.55 377.88
438.43 436.97 434.51 433.47 432.22 430.26 428.70 426.59 424.77 422.81 420.98 419.39 418.58 417.66 416.16 414.47 413.25 412.50 411.71 410.72 409.95 409.61 409.24 408.00 407.14 406.32 405.63 405.14 404.48 403.28 402.38 401.57 401.12 400.43 399.56 398.82 398.11 397.24 396.25 395.25 394.44 393.45 392.82 391.96 390.67 389.28 388.27 387.28 386.29 385.55 385.56 385.06 385.48 386.93 389.27 392.75 394.18 392.19 390.26 388.08 385.75 383.62 381.32 378.81 376.74 374.98 373.53 372.04 370.60 369.34 368.84 369.17 370.48 371.63 373.11
436.63 435.34 433.03 431.76 430.29 428.80 427.01 425.00 422.93 420.92 419.69 418.64 417.32 416.05 414.60 413.09 411.68 410.73 409.76 408.57 407.58 406.94 406.36 405.06 404.05 403.68 403.08 401.91 401.19 400.14 399.30 398.55 397.96 397.23 396.27 395.37 394.73 393.97 392.87 391.99 390.98 390.06 389.09 388.25 387.34 386.10 385.21 384.25 383.52 383.29 382.99 382.94 383.82 385.24 387.04 389.41 390.58 389.87 387.32 384.80 382.46 380.06 377.27 374.77 372.72 370.68 368.76 367.05 365.41 363.88 362.97 363.33 364.68 366.38 368.20
435.40 435.04 432.62 430.62 429.06 427.53 425.30 423.17 421.06 419.55 418.56 416.78 415.53 414.16 412.79 411.34 410.10 409.03 407.85 406.61 405.42 404.58 403.71 402.49 401.38 400.57 400.35 399.09 398.51 397.67 396.74 395.73 395.10 394.28 393.34 392.33 391.40 390.55 389.65 388.70 387.44 386.46 385.97 385.11 384.05 382.92 381.99 381.26 380.79 380.59 380.01 380.56 381.52 382.67 383.84 384.86 385.37 385.58 383.98 380.77 378.29 375.68 372.99 370.63 368.38 366.53 364.46 362.34 360.49 358.57 357.28 357.96 359.41 361.31 363.21
434.81 433.78 431.11 429.59 428.15 426.25 423.87 421.38 419.34 417.92 417.23 415.13 413.56 412.28 410.86 409.51 408.24 407.20 405.92 404.57 403.53 402.48 401.30 400.13 399.12 398.16 397.60 396.37 396.37 395.58 394.51 393.27 392.50 391.50 390.65 389.46 388.28 387.22 386.21 385.26 384.08 383.03 382.46 381.57 380.67 379.68 378.77 378.33 378.22 377.26 377.02 377.53 378.21 378.87 379.80 380.44 380.40 380.47 379.69 376.52 373.57 371.11 368.68 366.38 364.21 362.27 360.32 358.23 356.28 354.36 353.19 353.69 355.07 356.72 358.79
434.70 433.12 430.36 428.61 427.28 425.33 422.66 420.43 418.05 417.11 415.71 413.45 411.93 410.57 409.20 407.76 406.61 405.28 404.19 402.94 401.69 400.68 399.42 398.15 396.94 395.72 394.77 393.77 393.37 392.59 391.62 390.73 389.64 388.63 387.58 386.52 385.49 384.36 383.08 382.03 381.03 379.93 379.24 378.36 377.46 376.57 375.83 375.61 375.12 373.99 373.79 374.08 374.39 374.86 375.23 375.28 374.93 374.79 374.21 371.59 368.81 366.40 364.21 362.25 360.24 358.43 356.41 354.45 352.76 351.25 350.25 350.48 351.48 352.95 354.78
434.17 431.82 429.72 427.93 425.54 423.11 421.07 418.91 417.18 416.67 414.56 412.22 410.43 408.92 407.47 406.09 404.66 403.27 402.33 401.38 400.02 398.85 397.77 396.49 395.20 393.66 392.32 391.15 390.39 389.23 388.10 387.18 386.27 385.32 384.17 383.19 382.20 380.95 379.94 378.82 377.77 376.85 376.14 375.26 374.41 373.50 373.10 372.91 371.77 370.59 370.55 370.35 370.43 370.44 370.49 370.18 369.56 368.69 367.74 366.22 363.52 361.61 359.79 358.22 356.44 354.45 352.48 350.80 349.55 348.36 347.60 347.44 348.11 349.24 350.27
433.52 431.66 429.36 427.15 424.38 422.72 420.65 418.23 416.30 415.80 413.87 411.07 409.32 407.79 405.84 404.18 402.76 401.28 400.24 399.70 398.49 397.40 396.53 395.00 393.88 392.09 390.32 389.00 388.12 386.98 385.50 384.29 383.19 381.89 380.78 379.95 378.58 377.47 376.49 375.78 374.92 373.76 373.03 372.13 371.30 370.46 369.98 369.93 368.15 367.34 366.99 366.74 366.30 365.98 365.57 365.01 364.00 362.89 362.21 361.27 358.76 356.85 355.26 353.92 352.33 350.61 348.94 347.73 346.50 345.47 344.85 344.57 344.88 345.70 346.54
433.56 431.35 429.27 426.51 424.09 421.64 419.41 417.47 415.45 414.24 412.57 410.29 408.29 406.44 404.47 402.63 401.07 399.36 397.95 397.20 396.35 395.67 394.65 393.47 392.23 390.54 388.91 387.49 386.56 385.30 383.85 382.02 380.74 379.20 377.86 376.68 375.54 374.39 373.40 372.57 371.66 370.70 369.77 368.92 368.20 367.30 366.90 366.54 365.05 364.22 363.72 363.03 362.53 361.85 361.09 360.21 359.07 357.89 357.08 356.94 354.64 352.43 350.97 349.65 348.29 347.26 345.88 344.54 343.51 342.47 341.88 342.01 342.24 342.47 343.03
433.34 430.55 427.93 425.08 422.90 420.55 418.50 416.66 414.57 412.69 411.05 409.89 407.33 404.95 403.07 401.16 399.40 397.49 395.72 394.26 393.61 393.19 392.37 391.19 389.95 388.60 387.11 385.64 384.85 383.44 381.97 379.82 378.25 376.87 375.18 374.09 373.27 372.16 370.39 369.26 368.38 367.52 366.60 366.03 365.02 364.14 363.58 363.31 362.25 361.24 360.45 359.58 358.71 357.80 356.88 355.77 354.42 353.29 352.89 352.57 350.72 348.50 346.98 345.74 344.69 343.62 342.60 341.45 340.22 339.26 339.08 339.15 339.28 339.52 339.75
432.95 429.96 427.35 424.57 422.13 420.00 417.82 415.77 413.72 411.79 409.94 408.51 406.46 404.06 401.46 399.42 397.53 395.58 393.68 392.06 390.97 390.21 389.82 388.71 387.51 386.29 384.74 383.35 382.60 381.21 379.55 377.63 375.93 374.68 372.91 371.67 370.58 369.33 367.94 366.44 365.26 364.40 363.79 362.97 362.02 361.18 360.44 359.93 359.29 358.04 357.14 356.05 355.10 354.03 352.85 351.49 350.17 349.25 349.25 348.93 346.90 344.67 343.21 342.13 341.12 339.95 339.27 338.15 337.10 336.23 335.62 335.57 335.75 336.20 336.24
433.28 430.25 427.32 424.78 422.23 419.81 417.43 415.17 412.89 410.67 408.78 407.00 404.67 402.17 399.78 397.67 395.64 393.65 391.83 390.09 388.75 387.71 387.23 386.30 385.15 383.79 382.42 380.88 379.97 378.95 377.36 375.51 373.83 372.91 371.46 370.02 368.52 367.45 366.08 364.72 362.79 361.62 360.94 360.07 359.26 358.47 357.56 356.85 356.12 355.22 354.06 352.83 351.71 350.58 349.34 347.89 346.50 345.63 344.80 344.72 343.33 341.45 339.96 338.77 337.83 336.78 335.86 334.87 333.92 333.15 332.46 332.19 332.21 332.29 332.64
434.08 430.91 427.77 425.01 422.31 419.77 417.11 414.64 412.06 409.70 407.41 405.64 402.85 400.33 398.02 395.77 393.82 391.72 389.86 388.16 387.24 386.56 385.53 384.23 382.86 381.52 380.14 378.62 377.54 376.29 374.74 373.09 371.37 370.27 369.20 367.89 366.62 365.39 364.14 362.84 361.01 359.23 358.28 357.46 356.54 355.65 354.76 353.97 353.05 352.02 351.18 349.96 348.62 347.23 345.94 344.42 343.20 342.20 341.92 341.22 340.32 338.46 337.06 335.73 334.79 333.80 332.69 331.55 330.56 329.91 329.35 329.00 328.71 328.89 329.22
434.18 431.07 427.99 424.93 422.00 419.24 416.40 413.78 411.04 408.50 405.97 403.66 401.11 399.23 396.43 393.89 391.76 389.77 387.83 386.01 384.87 384.21 383.42 382.08 380.59 379.04 377.48 375.94 374.84 373.38 372.00 370.48 368.77 367.23 365.89 364.97 363.93 362.10 360.92 360.15 358.99 356.92 355.54 355.01 353.70 352.73 351.73 350.79 349.80 348.98 348.13 346.89 345.52 344.06 342.57 341.20 340.04 339.66 339.67 338.76 338.03 335.87 334.47 333.27 332.12 330.96 329.63 328.60 327.65 326.82 326.28 325.88 325.52 325.53 325.67
434.95 431.60 428.02 424.48 421.36 418.43 415.30 412.45 409.68 406.90 404.35 402.12 399.39 397.30 394.83 392.08 389.78 387.65 385.73 384.11 382.89 381.75 381.11 379.58 377.93 376.36 374.47 372.93 372.08 370.52 369.04 367.08 365.64 363.85 362.93 361.89 360.41 358.92 358.46 357.43 356.45 354.41 352.68 352.18 350.82 349.66 348.71 347.68 346.69 345.84 344.72 343.58 342.50 340.96 339.51 338.22 337.26 337.15 337.70 336.84 335.81 333.58 332.30 330.75 329.49 328.36 326.96 325.68 324.62 323.74 323.12 322.60 322.20 321.93 321.74
