raw_data/climate/mean_winter_rainfall.asc
ncols 886
nrows 691
xllcenter 112.0000
yllcenter -44.5000
cellsize 0.0500
nodata_value 99999.90
[rows 374 to 407 of 691, columns 0 to 75 of 886]
309.56 308.85 307.89 306.88 305.77 304.47 303.21 302.28 301.32 300.09 298.86 297.53 296.43 295.33 294.19 292.98 291.81 290.62 289.44 288.41 287.55 286.70 285.64 284.51 283.36 282.20 281.01 279.93 278.95 278.02 277.05 275.87 274.71 273.63 272.52 271.22 270.01 268.70 267.16 265.69 264.32 262.91 261.41 259.93 258.26 256.82 255.18 253.20 251.32 249.24 247.27 244.99 242.70 246.43 246.43 240.50 238.14 232.93 226.06 217.13 205.39 192.53 188.40 182.82 177.85 172.48 165.88 159.49 155.16 151.85 149.82 148.70 147.80 144.05 141.44 139.55
312.91 312.17 311.17 310.02 308.81 307.55 306.35 305.51 304.53 303.22 301.89 300.69 299.47 298.41 297.13 296.01 294.83 293.68 292.66 291.58 290.67 289.73 288.64 287.54 286.49 285.39 284.32 283.19 282.14 281.23 280.27 279.34 278.24 277.12 275.86 274.61 273.24 272.05 270.72 269.34 267.81 266.31 264.85 263.20 261.63 259.98 258.00 256.08 253.79 251.50 248.90 246.29 243.71 242.64 244.05 240.30 240.05 236.47 230.23 223.68 212.68 199.24 194.41 189.95 182.84 177.68 172.04 164.74 158.39 154.41 151.91 150.57 149.17 145.41 143.93 141.66
315.70 314.96 313.87 312.81 311.58 310.30 309.23 308.39 307.34 306.03 304.76 303.59 302.22 301.03 299.88 298.72 297.58 296.51 295.55 294.53 293.55 292.46 291.35 290.27 289.26 288.22 287.36 286.27 285.14 284.29 283.32 282.34 281.25 280.20 279.02 277.73 276.35 275.20 273.90 272.60 271.26 269.83 268.21 266.46 264.73 262.87 260.99 258.89 256.58 253.86 250.99 247.94 244.86 243.56 239.92 240.48 241.23 234.96 234.14 228.21 219.60 206.19 199.23 193.63 188.03 182.41 176.35 168.28 161.86 157.21 154.47 153.84 151.46 147.51 147.05 145.48
318.58 317.65 316.69 315.67 314.51 313.34 312.21 311.34 310.25 309.03 307.81 306.50 305.08 303.83 302.72 301.59 300.49 299.47 298.50 297.48 296.43 295.30 294.21 293.14 292.21 291.34 290.30 289.22 288.31 287.43 286.47 285.55 284.38 283.16 281.96 280.70 279.72 278.53 277.29 276.05 274.55 272.98 271.35 269.73 267.97 266.16 264.11 261.75 259.06 256.28 253.29 250.20 247.05 244.92 241.96 239.42 240.55 238.34 233.90 228.02 220.12 214.01 207.99 199.72 193.57 186.92 180.77 173.13 165.79 159.64 156.11 156.13 151.56 149.72 148.66 147.22
321.80 321.03 320.02 318.81 317.63 316.53 315.43 314.67 313.66 312.36 310.96 309.59 308.29 307.16 306.04 304.80 303.70 302.57 301.55 300.60 299.63 298.44 297.20 296.24 295.40 294.51 293.51 292.55 291.63 290.68 289.80 288.61 287.41 286.22 284.96 283.94 283.04 281.87 280.80 279.34 277.76 276.30 274.62 272.94 271.11 269.07 266.91 264.44 261.91 258.96 256.08 252.88 249.57 246.72 245.71 243.63 240.30 242.16 241.80 235.75 229.20 223.04 215.60 207.48 199.53 192.30 185.18 178.63 170.53 162.95 159.25 155.58 154.81 153.82 152.15 151.80
324.93 324.25 323.18 322.05 320.97 319.88 318.82 317.97 316.92 315.60 314.19 312.93 311.74 310.55 309.28 308.01 306.85 305.72 304.73 303.76 302.64 301.41 300.32 299.44 298.68 297.73 296.80 295.70 294.71 293.70 292.79 291.72 290.52 289.29 288.31 287.24 286.28 285.20 284.06 282.53 281.09 279.51 277.78 276.09 274.10 272.25 269.94 267.55 264.75 261.98 258.76 255.81 252.72 249.52 246.71 245.17 242.24 240.34 241.63 242.45 237.34 230.44 222.90 213.68 205.82 198.64 190.46 183.04 175.20 164.96 159.88 157.96 159.84 158.70 157.55 155.08
328.15 327.34 326.34 325.46 324.34 323.28 322.20 321.25 320.20 318.86 317.65 316.41 315.15 313.97 312.65 311.29 310.18 309.10 307.89 306.83 305.67 304.60 303.65 302.71 301.82 300.87 299.84 298.78 297.85 296.84 295.90 294.72 293.59 292.43 291.54 290.47 289.44 288.35 287.07 285.77 284.19 282.54 280.88 279.15 277.21 275.16 272.91 270.31 267.91 264.87 262.05 259.03 255.64 252.47 249.22 246.34 244.71 242.04 239.20 244.89 240.29 234.51 228.28 220.03 212.28 203.50 194.89 186.90 175.50 167.37 162.77 163.46 162.76 162.27 162.14 158.91
331.46 330.68 329.65 328.70 327.64 326.70 325.63 324.76 323.65 322.29 321.04 319.85 318.74 317.48 316.09 314.73 313.44 312.18 311.16 310.16 309.02 307.98 307.01 305.99 305.00 303.92 303.03 301.94 300.85 299.90 298.84 297.80 296.69 295.74 294.67 293.66 292.66 291.46 290.24 288.81 287.33 285.67 284.14 282.44 280.45 278.06 276.14 273.66 271.02 268.16 265.26 262.04 258.89 255.56 252.36 248.89 245.95 244.81 240.61 241.23 241.05 237.12 233.30 226.07 218.68 209.22 200.98 190.79 178.57 169.96 167.23 166.60 168.28 168.21 165.89 160.82
334.60 333.95 333.00 332.15 330.99 329.87 328.85 328.16 327.17 325.86 324.69 323.35 322.10 320.84 319.51 318.07 316.82 315.58 314.36 313.36 312.31 311.36 310.46 309.38 308.18 307.03 305.95 305.06 304.00 303.05 301.98 300.77 299.59 298.90 297.89 297.03 295.80 294.47 293.20 291.72 290.45 288.93 287.42 285.46 283.52 281.23 279.03 276.79 274.38 271.47 268.49 265.32 262.04 258.60 255.45 251.99 248.58 245.75 245.38 242.49 241.09 240.41 238.42 233.41 224.86 216.14 207.93 193.10 182.35 176.18 171.34 168.86 169.75 170.82 169.84 165.21
337.85 337.19 336.38 335.43 334.32 333.30 332.29 331.48 330.47 329.43 328.26 326.91 325.64 324.22 322.82 321.49 320.17 318.92 317.82 316.70 315.73 314.69 313.80 312.72 311.46 310.36 309.32 308.16 307.10 306.14 305.07 303.90 302.91 301.96 300.95 299.94 298.94 297.67 296.19 294.98 293.62 292.09 290.44 288.67 286.63 284.60 282.40 280.03 277.34 274.68 271.73 268.45 265.23 261.94 258.27 254.87 251.51 248.14 245.97 246.78 243.47 244.38 244.18 238.87 230.85 222.59 210.14 198.68 191.33 182.30 175.96 173.57 174.65 175.43 175.46 171.60
341.25 340.46 339.52 338.65 337.71 336.77 335.80 334.93 333.88 332.82 331.73 330.44 329.10 327.78 326.30 324.84 323.56 322.27 321.27 320.26 319.08 318.07 316.92 315.98 314.86 313.82 312.72 311.55 310.33 309.18 308.10 307.01 306.20 305.27 304.13 303.06 301.91 300.65 299.46 298.11 296.79 295.20 293.31 291.60 289.86 287.90 285.74 283.45 280.78 277.75 274.90 271.93 268.61 265.28 261.67 257.94 254.12 250.62 248.11 248.86 247.20 246.28 245.91 241.55 235.21 224.84 214.12 204.10 195.34 188.70 183.38 179.62 176.46 176.23 176.86 173.14
344.30 343.63 342.81 341.93 341.00 340.11 339.16 338.33 337.45 336.29 335.06 333.74 332.43 331.12 329.71 328.28 326.95 325.68 324.60 323.64 322.53 321.41 320.23 319.20 318.16 317.08 316.01 314.90 313.72 312.42 311.27 310.11 309.24 308.34 307.32 306.15 304.91 303.73 302.32 301.23 299.95 298.33 296.49 294.86 293.00 291.17 289.06 286.62 283.93 281.10 278.23 275.18 272.18 268.74 265.00 261.01 257.20 253.43 249.79 248.69 249.56 249.37 247.39 243.38 237.36 227.89 220.37 213.76 208.58 203.61 193.97 186.67 182.69 179.02 178.87 175.82
347.56 346.76 345.88 345.23 344.36 343.52 342.54 341.65 340.68 339.64 338.52 337.10 335.83 334.46 332.99 331.65 330.36 329.10 328.04 327.05 325.87 324.66 323.54 322.58 321.46 320.36 319.34 318.20 316.91 315.72 314.48 313.47 312.61 311.44 310.34 309.23 307.94 306.74 305.51 304.32 302.95 301.46 299.85 298.12 296.44 294.62 292.24 289.83 287.23 284.53 281.82 278.88 275.61 272.02 268.32 264.31 260.53 256.64 253.01 251.65 251.67 253.58 247.64 245.53 238.99 232.45 224.14 218.50 216.43 211.22 204.03 194.25 188.66 182.59 179.99 176.67
350.71 349.99 349.26 348.42 347.42 346.64 345.61 344.70 343.81 342.73 341.55 340.34 338.98 337.60 336.15 334.81 333.53 332.24 331.29 330.16 328.90 327.78 326.76 325.63 324.58 323.54 322.48 321.30 320.09 318.86 317.78 316.63 315.58 314.58 313.27 311.95 310.91 309.85 308.68 307.33 306.16 304.58 303.03 301.53 299.68 297.56 295.29 292.94 290.65 288.23 285.31 282.20 278.86 275.37 271.81 268.13 264.17 260.16 256.34 253.41 252.67 252.36 246.77 245.66 244.96 238.98 229.15 222.40 219.15 213.73 208.97 201.88 192.88 187.38 180.44 173.77
353.93 353.33 352.60 351.89 350.80 349.81 348.67 348.01 347.13 346.14 344.97 343.59 342.25 340.90 339.55 338.24 336.96 335.63 334.53 333.46 332.30 331.18 330.22 329.05 327.83 326.83 325.79 324.67 323.52 322.36 321.09 319.90 318.79 317.59 316.27 315.13 314.03 312.99 311.91 310.77 309.42 307.89 306.36 304.67 302.74 300.98 298.90 296.56 294.08 291.43 288.61 285.86 282.62 279.34 275.44 271.65 267.68 263.83 260.00 255.93 253.01 251.83 247.27 245.10 244.61 243.12 235.58 228.03 220.78 216.93 211.91 204.40 196.05 191.33 180.46 170.85
357.32 356.63 355.98 355.11 354.04 353.05 351.88 351.17 350.51 349.46 348.31 346.98 345.54 344.17 342.87 341.61 340.37 338.96 337.91 336.77 335.65 334.71 333.60 332.43 331.24 330.22 329.12 328.03 326.88 325.70 324.47 323.19 321.94 320.71 319.57 318.41 317.36 316.39 315.20 313.90 312.56 311.13 309.54 307.87 306.10 304.15 302.12 299.85 297.59 295.04 292.29 289.32 286.33 283.10 279.44 275.65 271.62 267.39 263.21 259.00 255.24 252.75 248.40 245.86 245.04 244.12 240.95 236.32 226.05 218.88 211.21 203.49 196.05 192.54 182.82 171.07
360.57 359.94 359.19 358.18 356.85 355.93 355.03 354.26 353.55 352.51 351.37 350.06 348.64 347.28 345.97 344.77 343.49 342.15 341.10 340.01 338.85 337.92 336.68 335.53 334.59 333.55 332.39 331.28 330.01 328.88 327.75 326.43 325.07 323.81 322.70 321.73 320.72 319.64 318.35 317.02 315.67 314.31 312.80 311.24 309.42 307.46 305.54 303.31 301.06 298.64 295.93 292.92 290.06 286.94 283.40 279.55 275.35 271.11 266.78 262.23 258.59 255.27 251.10 247.12 245.02 244.95 242.44 237.93 227.31 217.20 216.37 207.98 199.46 194.08 184.66 174.15
363.85 363.17 362.28 361.30 360.03 359.06 358.13 357.33 356.52 355.65 354.57 353.23 351.69 350.34 349.09 347.96 346.80 345.54 344.29 343.17 342.10 341.14 340.05 338.87 337.79 336.85 335.67 334.49 333.32 332.03 330.81 329.54 328.26 327.21 326.11 324.98 323.94 322.62 321.40 320.16 318.78 317.37 315.84 314.37 312.64 310.80 308.85 306.79 304.54 302.10 299.62 296.79 293.90 290.65 287.21 283.55 279.69 275.50 270.83 265.98 262.86 258.57 253.68 249.63 246.91 246.93 245.43 234.94 227.25 223.53 221.30 215.87 205.13 196.93 188.24 176.02
367.31 366.46 365.60 364.53 363.18 362.21 361.39 360.64 359.87 358.80 357.60 356.30 354.88 353.61 352.41 351.22 350.06 348.78 347.69 346.46 345.50 344.46 343.33 342.22 341.18 340.14 339.08 337.87 336.49 335.25 334.00 332.82 331.69 330.52 329.33 328.13 326.95 325.81 324.41 323.19 321.82 320.46 319.16 317.54 315.70 314.01 312.14 310.09 307.95 305.60 303.09 300.35 297.48 294.55 291.45 287.82 283.94 279.79 275.25 270.30 267.91 263.43 258.27 253.73 249.37 246.06 242.04 241.70 233.83 228.83 225.20 218.11 209.21 201.26 190.38 178.97
370.74 369.93 368.74 367.66 366.41 365.49 364.63 363.95 363.01 361.91 360.70 359.40 358.15 356.99 355.72 354.40 353.22 351.92 350.98 349.99 348.80 347.70 346.54 345.52 344.60 343.55 342.30 340.99 339.74 338.54 337.42 336.11 334.81 333.63 332.46 331.32 330.11 328.90 327.58 326.19 324.95 323.64 322.20 320.48 318.80 317.11 315.37 313.34 311.25 309.02 306.43 303.95 301.39 298.59 295.50 292.19 288.53 284.53 280.23 275.70 274.90 268.65 262.72 258.20 253.05 249.25 249.46 244.23 239.27 237.83 228.60 219.72 212.29 204.58 194.76 182.51
374.36 373.31 372.08 370.88 369.67 368.88 368.00 367.17 366.07 364.95 363.81 362.77 361.55 360.25 358.96 357.68 356.56 355.29 354.25 353.19 352.07 350.96 349.98 348.97 347.81 346.67 345.51 344.31 343.06 341.87 340.58 339.21 337.93 336.89 335.68 334.31 333.10 331.93 330.73 329.33 328.01 326.56 325.09 323.56 321.86 320.27 318.32 316.40 314.48 312.25 309.87 307.69 304.98 302.51 299.76 296.74 293.42 289.73 285.50 281.40 280.24 275.59 267.54 262.21 256.62 252.32 253.96 252.03 246.31 241.67 232.61 224.31 216.89 208.04 198.18 187.09
377.70 376.63 375.48 374.39 373.13 372.02 371.03 370.22 369.27 368.21 367.11 365.97 364.79 363.54 362.36 361.08 359.88 358.52 357.49 356.45 355.40 354.26 353.17 352.18 351.08 349.96 348.75 347.51 346.20 344.97 343.81 342.40 341.08 339.88 338.63 337.37 336.15 334.99 333.71 332.41 331.10 329.62 328.06 326.38 324.88 323.26 321.49 319.63 317.72 315.55 313.39 311.15 309.02 306.57 303.83 301.22 298.23 294.99 291.16 286.88 283.81 281.50 273.64 267.55 261.46 257.41 256.04 252.93 248.42 244.54 237.54 227.89 220.70 211.43 203.83 192.65
381.33 380.25 379.01 377.85 376.37 375.27 374.25 373.42 372.40 371.38 370.39 369.32 368.10 366.81 365.60 364.44 363.35 362.03 360.71 359.56 358.63 357.50 356.48 355.38 354.30 353.14 351.87 350.78 349.35 348.11 346.73 345.47 344.25 342.99 341.72 340.45 339.14 337.96 336.82 335.45 334.01 332.49 331.03 329.43 327.89 326.19 324.37 322.71 320.90 319.00 316.83 314.74 312.58 310.33 308.28 305.97 303.27 300.30 296.65 292.75 288.91 284.84 279.81 271.90 266.57 261.34 259.90 256.44 250.89 248.15 239.87 234.34 223.37 214.50 206.75 197.31
384.96 383.86 382.55 381.18 379.74 378.50 377.43 376.64 375.60 374.70 373.67 372.52 371.31 370.11 368.90 367.81 366.71 365.37 364.14 362.86 361.76 360.76 359.75 358.70 357.50 356.25 355.06 353.81 352.51 351.13 349.80 348.54 347.24 346.00 344.81 343.44 342.09 340.97 339.70 338.39 336.95 335.41 333.92 332.50 330.86 329.27 327.50 325.55 323.76 321.98 320.09 318.25 316.23 314.23 312.21 310.13 307.92 305.33 302.34 298.32 294.13 290.10 287.00 276.74 271.09 265.96 263.55 263.88 258.32 249.46 245.66 235.18 227.75 218.07 208.30 199.90
388.62 387.52 386.12 384.73 383.13 381.86 380.80 379.92 378.97 377.93 376.85 375.80 374.58 373.40 372.27 371.16 370.04 368.69 367.38 366.23 365.11 364.05 362.98 361.86 360.76 359.43 358.05 356.69 355.45 354.18 352.90 351.59 350.33 349.11 347.78 346.58 345.40 343.90 342.45 341.16 339.79 338.45 336.93 335.29 333.62 332.09 330.25 328.48 326.62 324.86 323.22 321.51 319.60 317.70 315.90 314.09 312.15 309.94 307.34 304.34 300.16 294.82 293.14 282.53 276.04 270.53 270.87 271.34 261.39 256.56 246.26 238.68 232.36 222.31 211.93 203.18
392.11 390.99 389.71 388.47 386.76 385.35 384.12 383.28 382.26 381.12 380.12 378.96 377.88 376.80 375.67 374.48 373.29 371.86 370.68 369.56 368.44 367.35 366.17 365.14 363.93 362.39 360.97 359.61 358.36 357.21 355.92 354.61 353.37 352.12 350.93 349.66 348.25 346.81 345.48 344.13 342.72 341.27 339.82 338.14 336.44 334.81 333.12 331.29 329.66 327.94 326.26 324.58 322.79 320.97 319.15 317.37 315.58 313.54 311.46 309.27 305.62 299.85 295.10 288.36 282.64 278.96 280.01 276.96 265.82 262.49 253.33 242.85 234.26 226.48 216.99 206.34
395.84 394.75 393.44 392.06 390.46 389.09 387.89 386.76 385.42 384.25 383.35 382.37 381.30 380.07 379.04 377.87 376.57 375.20 373.94 372.84 371.85 370.64 369.54 368.24 366.75 365.38 363.92 362.65 361.39 360.11 358.99 357.80 356.51 355.29 353.96 352.56 351.33 349.95 348.51 347.09 345.66 344.26 342.62 340.88 339.21 337.51 335.94 334.34 332.56 330.91 329.22 327.43 325.65 323.74 321.88 320.16 318.21 316.09 313.74 310.99 307.43 303.51 300.44 295.06 292.00 287.67 290.76 284.66 268.54 262.78 259.44 246.00 236.48 229.14 219.94 209.43
399.48 398.36 396.99 395.72 394.21 392.83 391.40 390.01 388.76 387.48 386.44 385.46 384.45 383.49 382.30 380.96 379.77 378.37 377.26 376.14 374.89 373.72 372.58 371.28 369.71 368.03 366.71 365.54 364.30 363.10 361.84 360.63 359.52 358.16 356.85 355.43 354.05 352.77 351.45 349.93 348.44 346.78 345.13 343.69 342.00 340.34 338.73 337.03 335.42 333.57 331.74 329.85 327.96 326.04 324.16 322.15 319.83 317.40 314.82 311.22 307.60 305.01 305.43 304.37 300.94 295.53 297.39 284.98 272.89 264.75 262.19 252.81 242.89 231.24 220.82 213.45
401.46 400.51 399.26 397.85 396.39 395.17 393.67 392.32 390.79 389.39 388.26 387.39 386.51 385.40 384.12 382.84 381.77 380.53 379.38 378.09 376.91 375.71 374.36 372.86 371.19 369.72 368.40 367.17 365.90 364.83 363.75 362.49 361.16 359.77 358.54 357.24 355.83 354.40 353.05 351.78 350.13 348.50 346.97 345.53 344.11 342.45 340.75 338.98 337.31 335.52 333.63 331.59 329.72 327.60 325.65 323.24 320.62 317.91 314.79 310.98 307.52 303.00 307.83 315.66 306.81 303.10 294.78 286.80 279.72 267.06 262.04 256.55 247.55 236.49 225.87 216.97
405.08 404.06 402.82 401.58 400.04 398.58 397.15 395.70 394.17 392.81 391.47 390.55 389.69 388.60 387.25 385.94 384.86 383.78 382.58 381.25 379.91 378.53 377.06 375.55 374.04 372.56 371.26 369.97 368.77 367.61 366.46 365.23 364.08 362.69 361.31 359.94 358.48 357.24 355.76 354.21 352.73 351.24 349.82 348.23 346.62 345.01 343.34 341.58 339.63 337.75 335.73 333.79 331.72 329.47 326.94 324.41 321.53 318.34 314.64 310.40 306.09 302.26 303.27 311.64 310.30 305.33 292.53 291.45 283.99 271.37 261.42 256.79 250.22 238.84 228.26 219.66
408.97 407.91 406.55 405.19 403.75 402.30 400.74 399.13 397.62 396.37 395.21 394.01 392.81 391.74 390.58 389.42 388.25 386.90 385.73 384.50 383.16 381.46 379.84 378.46 377.06 375.70 374.21 372.82 371.50 370.48 369.46 368.17 366.88 365.47 364.24 362.91 361.41 359.83 358.41 357.17 355.62 353.93 352.24 350.74 349.31 347.54 345.57 343.78 341.94 340.05 338.18 335.80 333.53 331.05 328.33 325.37 321.96 318.51 314.69 310.24 305.53 302.29 304.89 305.33 310.52 303.38 290.50 283.65 280.38 270.89 263.19 254.95 250.99 241.79 234.95 224.35
412.99 411.81 410.43 408.98 407.42 405.91 404.21 402.53 401.14 399.87 398.71 397.41 396.18 394.95 393.79 392.65 391.50 390.04 388.79 387.38 385.93 384.39 382.84 381.42 379.90 378.51 377.09 375.65 374.33 373.16 372.25 371.02 369.75 368.23 366.94 365.67 364.24 362.67 361.21 359.75 358.33 356.63 354.90 353.30 351.44 349.86 348.13 346.16 344.16 342.20 340.27 337.98 335.25 332.49 329.48 326.44 323.14 319.11 314.70 309.93 305.12 302.08 302.39 299.67 300.40 297.16 290.91 282.99 281.63 276.36 263.45 254.93 253.31 246.91 239.98 230.79
416.76 415.79 414.38 412.79 411.05 409.44 407.72 406.11 404.66 403.43 402.14 400.98 399.71 398.34 397.04 395.97 394.75 393.21 391.77 390.30 388.84 387.56 385.96 384.45 382.85 381.33 379.96 378.40 377.15 376.12 375.16 373.90 372.53 370.82 369.47 368.24 367.01 365.47 364.01 362.36 360.81 359.21 357.56 355.67 353.93 352.19 350.53 348.53 346.48 344.33 342.26 339.82 337.18 334.06 330.91 327.67 324.28 320.11 315.38 310.51 305.13 301.76 303.53 299.66 295.05 292.13 287.55 286.91 281.09 275.57 269.04 260.46 260.75 253.37 245.72 237.65
420.58 419.57 418.08 416.63 414.82 413.08 411.40 409.76 408.40 407.02 405.63 404.44 403.14 401.77 400.46 399.19 397.93 396.41 394.91 393.37 391.96 390.62 389.20 387.49 385.82 384.20 382.78 381.38 380.26 379.14 378.08 376.79 375.22 373.51 372.19 371.01 369.81 368.23 366.62 364.93 363.44 361.63 359.94 358.10 356.42 354.81 352.89 350.79 348.75 346.67 344.50 341.84 338.81 335.83 332.73 329.56 325.56 321.36 316.87 312.07 307.04 303.25 303.14 304.05 299.49 301.54 303.91 302.21 293.82 283.31 279.06 273.72 267.44 265.72 251.30 239.32
