raw_data/climate/mean_winter_rainfall.asc
ncols 886
nrows 691
xllcenter 112.0000
yllcenter -44.5000
cellsize 0.0500
nodata_value 99999.90
[rows 340 to 373 of 691, columns 380 to 455 of 886]
37.91 37.98 38.09 37.95 38.07 38.03 37.37 37.08 37.36 37.51 37.27 37.01 36.73 36.75 36.48 36.07 35.75 35.50 35.54 35.04 34.95 35.14 35.34 35.32 35.65 35.96 36.23 36.46 37.62 38.38 39.04 38.18 37.41 36.95 37.07 36.29 35.00 34.98 35.07 35.49 35.19 34.73 34.65 36.09 36.29 36.41 34.99 33.18 32.56 32.21 32.14 32.37 31.55 31.84 31.61 31.28 31.00 30.50 30.52 30.95 30.15 29.60 29.70 29.55 29.56 29.07 28.24 27.32 27.00 26.92 27.05 26.89 26.59 26.59 26.69 26.77
37.16 37.25 37.41 37.58 37.37 37.09 36.81 36.56 36.70 36.92 37.00 36.49 36.02 35.94 35.92 35.53 35.42 35.29 35.35 34.83 34.84 35.02 35.51 35.83 36.47 36.74 36.88 37.14 37.04 38.33 38.80 37.60 37.01 36.70 36.27 35.84 35.24 34.76 34.82 35.44 34.97 34.43 34.06 34.02 34.06 34.27 34.39 33.81 33.46 33.49 33.77 33.49 33.54 32.03 31.31 30.84 30.49 31.16 31.93 30.47 30.30 30.63 31.11 31.45 30.07 28.90 28.29 27.80 27.12 26.68 26.78 26.73 26.60 26.54 26.67 26.54
36.81 36.79 36.83 36.89 36.55 36.34 36.30 36.26 36.52 36.98 36.92 36.57 35.89 35.61 35.29 35.32 35.15 35.09 34.96 34.73 34.55 35.00 35.75 36.45 36.87 37.56 38.88 36.79 37.06 36.72 37.18 37.93 37.43 37.63 36.69 35.87 35.27 34.87 34.97 35.49 34.76 34.64 34.32 34.04 33.83 33.87 34.13 34.00 34.39 34.28 34.55 34.64 33.89 32.92 31.94 31.81 31.63 32.05 32.24 31.38 32.24 31.79 31.49 31.39 30.74 30.38 27.96 27.11 26.83 26.59 26.49 26.61 26.60 26.44 26.55 26.37
36.42 36.54 36.39 36.15 35.91 35.82 35.91 36.11 36.25 36.47 36.30 35.87 35.72 35.30 35.18 35.40 35.21 34.90 34.83 34.41 34.45 35.29 35.59 36.24 36.65 36.94 36.65 36.72 37.35 36.61 36.27 36.67 37.60 36.38 35.68 35.64 35.83 35.28 34.96 35.09 34.67 34.35 34.40 34.10 33.95 33.84 33.85 34.11 35.98 34.52 33.66 34.90 34.72 33.95 33.27 33.70 33.82 33.33 32.57 31.23 32.08 32.37 31.13 30.44 29.26 28.14 27.50 26.97 26.78 26.76 26.53 26.40 26.40 26.38 26.37 26.11
36.01 35.85 35.82 35.82 35.45 35.47 35.65 35.65 35.87 35.97 35.72 35.28 35.06 34.95 35.23 35.81 35.26 34.83 34.74 34.54 34.29 34.75 34.82 35.16 35.58 35.38 35.47 35.77 35.59 35.60 35.59 35.39 35.46 35.35 35.23 35.40 35.46 34.83 34.70 34.54 34.44 34.52 34.48 34.30 34.18 34.05 33.66 34.32 35.89 34.42 33.29 33.50 33.78 33.42 32.87 33.18 33.01 32.91 33.87 31.63 31.16 30.96 30.43 29.54 28.66 28.32 27.60 27.63 30.38 31.24 30.12 27.11 26.86 26.92 26.85 26.56
35.61 35.45 35.27 35.21 35.01 34.92 35.05 35.16 35.36 35.80 35.68 35.16 34.86 34.69 34.73 34.97 35.04 34.61 34.47 34.27 34.09 34.47 34.53 34.71 34.98 34.98 35.07 35.28 35.24 35.20 35.24 35.05 35.05 34.99 35.00 35.11 35.02 34.86 34.88 34.63 34.54 34.61 35.02 35.24 35.21 35.20 33.62 33.43 34.83 34.96 33.95 33.23 33.67 33.65 32.73 32.25 32.22 32.18 32.36 31.89 31.45 31.34 31.43 31.49 31.45 31.22 30.65 29.83 31.11 30.35 28.99 27.54 27.63 27.31 27.20 27.17
35.18 35.09 34.90 34.76 34.69 34.61 34.58 34.69 35.29 36.02 35.94 35.53 35.15 34.72 34.46 34.34 34.39 34.08 34.14 33.96 33.93 34.27 34.45 34.48 34.59 34.79 35.02 35.14 35.08 35.04 34.98 34.85 34.73 34.71 35.33 36.05 35.69 34.97 34.81 34.76 34.68 35.08 35.44 35.21 35.06 35.27 33.74 33.62 33.47 34.29 33.99 33.23 33.60 33.32 32.52 32.05 31.73 31.95 32.48 32.68 32.29 32.05 32.63 32.04 31.81 31.71 32.02 31.76 30.54 29.15 28.46 27.83 27.85 27.92 27.59 27.60
34.80 34.68 34.54 34.40 34.28 34.19 34.13 34.34 35.00 35.28 35.45 35.81 35.37 35.03 34.34 34.26 34.06 34.04 33.92 33.88 33.88 34.11 34.26 34.52 34.62 34.85 35.01 35.00 34.92 34.83 34.74 34.64 34.46 34.57 35.16 36.00 35.99 35.83 35.02 34.60 34.66 35.20 35.49 34.71 34.42 35.16 35.03 35.18 34.13 33.61 33.38 33.08 33.39 33.11 32.52 32.11 31.73 32.08 32.55 32.95 32.78 32.10 32.23 32.26 32.00 31.55 31.01 30.57 29.96 29.60 29.48 28.94 28.67 28.25 27.84 27.74
34.43 34.26 34.18 34.13 34.03 34.01 34.23 34.58 34.77 34.61 34.85 35.19 35.00 34.52 34.04 33.94 33.63 33.93 33.78 34.05 33.83 34.14 34.59 34.94 34.81 34.78 34.92 34.85 34.94 34.73 34.70 34.44 34.32 34.39 34.80 35.32 35.62 35.61 35.11 34.55 34.62 34.86 34.75 34.36 34.60 34.93 35.04 34.83 33.63 32.73 32.92 32.70 32.74 32.77 32.25 31.99 31.67 31.92 32.84 32.83 32.52 32.43 32.08 32.32 32.30 32.36 32.12 31.39 30.96 31.68 31.80 31.62 30.11 29.08 28.32 28.05
34.15 34.02 33.89 33.88 33.65 33.67 33.94 34.34 34.43 34.09 34.42 34.91 35.08 34.67 34.05 34.49 33.95 34.10 34.25 34.32 33.93 34.17 34.97 35.58 35.41 34.82 34.64 34.73 34.81 34.82 34.78 34.55 34.34 34.30 34.73 35.22 35.02 35.13 34.93 34.22 34.46 34.62 34.24 34.14 34.84 34.95 34.22 33.70 32.51 32.30 32.47 32.45 32.23 32.04 31.81 31.44 31.53 32.08 32.73 32.82 32.41 32.73 31.99 31.69 31.38 32.13 32.17 31.59 30.18 30.73 30.64 30.17 29.61 28.91 28.36 28.11
34.07 33.80 33.59 33.49 33.44 33.29 33.44 33.72 33.67 33.72 33.86 34.43 34.70 34.81 35.06 35.44 34.56 35.04 34.62 34.14 34.08 34.81 34.98 35.15 35.41 35.11 34.61 34.60 34.71 34.75 34.83 34.77 34.72 34.42 34.29 34.53 34.61 34.39 34.30 34.27 34.41 34.55 34.37 34.12 35.15 35.42 34.07 33.50 32.82 32.23 32.23 32.05 31.88 31.58 31.16 31.06 31.59 32.00 32.90 32.74 32.08 32.31 32.44 31.92 30.56 32.04 31.48 30.01 29.05 28.72 29.52 29.05 28.54 28.26 28.15 28.24
33.60 33.48 33.24 33.21 33.17 32.93 33.06 32.98 32.95 33.12 33.37 34.00 34.14 34.49 35.81 35.66 35.10 35.00 33.97 33.29 33.23 34.22 34.56 34.20 34.47 34.93 34.79 34.68 34.67 34.74 34.84 34.93 34.87 34.59 34.40 34.28 34.10 33.94 34.10 34.43 34.26 34.35 34.58 35.11 34.91 34.47 34.65 34.50 33.47 32.43 32.08 31.59 31.31 31.25 30.77 31.35 32.17 31.94 33.00 32.97 31.92 31.98 32.28 32.13 30.80 30.87 30.87 29.36 28.18 27.83 28.13 28.06 27.99 28.28 28.07 28.10
33.38 33.28 32.96 32.93 32.80 32.67 32.71 32.72 32.88 32.67 33.13 33.44 33.43 33.95 35.22 34.94 34.49 34.48 34.08 33.23 32.77 33.29 33.61 33.95 33.80 33.97 34.37 34.54 34.63 34.61 34.82 34.95 34.84 34.74 34.50 34.32 34.32 33.96 33.91 34.17 34.36 34.31 34.37 34.45 34.17 34.12 34.64 34.91 32.97 32.13 31.43 31.17 30.80 30.80 30.44 31.05 32.29 32.19 32.35 32.81 31.54 32.01 32.54 32.28 30.58 29.29 30.26 29.29 27.84 28.23 27.88 27.70 27.63 27.56 27.65 27.75
32.98 32.77 32.76 32.69 32.56 32.61 32.54 32.51 32.66 32.55 32.44 32.73 33.57 34.44 35.39 34.40 33.45 33.44 33.20 32.71 32.53 33.19 33.24 34.42 33.85 33.74 34.12 34.54 34.57 34.52 34.66 34.74 34.78 34.76 34.63 34.62 35.08 35.41 35.04 34.83 34.82 34.64 34.29 33.93 33.85 33.95 34.09 33.46 32.31 31.38 30.99 30.67 30.33 30.36 30.10 30.89 31.91 32.24 32.04 31.61 30.70 30.74 31.69 32.32 31.16 28.92 28.11 27.83 27.98 29.19 28.12 27.88 27.76 27.74 28.13 28.03
32.36 32.54 32.60 32.59 32.49 32.55 32.32 33.05 32.55 33.56 32.82 33.45 34.65 35.13 35.18 34.76 34.14 34.32 33.75 33.92 33.70 33.66 33.93 34.92 34.76 33.89 34.19 34.15 34.70 34.57 34.56 34.73 34.68 34.70 34.70 34.95 36.07 36.62 36.15 34.82 34.14 34.01 33.88 33.67 33.57 33.59 33.47 32.53 31.84 31.03 30.53 30.28 30.01 30.06 30.14 30.44 30.99 31.86 33.12 32.76 31.92 30.16 29.48 30.58 30.45 29.57 27.59 26.74 27.19 27.93 26.98 26.52 27.08 27.42 27.59 27.36
32.30 32.36 32.73 32.77 32.64 32.72 33.14 33.77 32.94 34.03 34.39 34.50 35.20 34.37 33.51 33.88 34.10 33.72 34.34 34.41 33.79 34.11 34.38 34.61 34.36 34.89 34.88 35.19 35.00 34.40 35.10 34.81 34.59 34.53 34.60 34.67 34.95 35.47 35.91 35.30 33.96 33.41 33.43 33.47 33.36 33.19 32.74 32.20 31.73 31.07 30.29 29.79 29.53 29.50 29.49 29.58 29.99 31.03 32.22 32.92 32.92 30.72 29.02 28.43 28.08 27.63 26.99 26.61 26.34 26.38 26.62 26.01 25.29 26.75 27.25 28.34
32.80 32.95 32.89 32.35 32.76 33.74 33.74 33.79 33.85 34.34 34.87 35.08 35.19 34.66 33.50 32.44 32.76 33.18 32.75 33.96 34.15 33.08 33.22 33.80 33.15 33.77 34.79 36.23 35.76 35.05 35.68 34.33 34.51 34.46 34.64 34.77 35.08 35.28 35.31 34.88 33.82 33.32 33.31 33.37 33.31 33.01 32.59 32.07 31.72 31.09 30.52 29.80 29.52 29.21 29.29 29.24 29.74 30.31 30.77 31.78 32.43 31.48 30.35 29.16 28.82 27.98 27.41 27.25 27.27 27.45 27.04 26.93 26.03 24.92 26.16 29.02
31.91 32.92 34.22 33.59 33.34 33.67 31.82 32.87 32.62 33.63 33.79 33.61 33.78 34.23 34.43 32.69 31.99 32.09 31.67 32.77 33.89 33.38 32.72 32.53 32.72 33.53 34.06 35.25 34.94 35.58 35.75 35.08 34.28 34.30 34.59 34.75 35.40 35.00 34.44 34.02 33.88 33.31 33.17 32.97 32.79 32.64 32.33 32.10 31.57 30.84 30.19 29.54 29.26 28.94 29.01 28.96 29.36 29.73 30.12 31.13 32.49 31.82 30.39 30.25 30.80 30.81 29.31 29.35 29.73 28.04 27.32 27.29 26.53 24.56 24.42 25.88
31.88 33.47 33.65 33.19 32.23 33.12 31.34 32.31 32.17 32.25 33.57 32.81 32.63 33.98 34.18 33.69 32.79 32.02 30.88 31.90 33.23 33.88 34.62 33.39 33.45 32.92 32.95 34.27 34.29 34.73 34.65 34.85 34.60 34.01 34.16 34.25 35.09 35.37 34.68 34.02 33.23 33.30 33.38 33.01 32.52 32.31 32.49 32.37 31.51 30.87 30.34 29.84 29.33 28.74 28.73 28.62 28.96 29.35 29.97 31.04 32.07 32.10 31.00 30.00 29.65 29.56 28.36 28.52 29.48 28.97 27.25 26.88 26.64 24.61 23.73 24.20
30.97 32.46 32.64 31.17 30.63 32.64 30.65 31.16 30.91 31.56 33.12 31.84 32.32 34.17 33.87 33.04 32.65 31.75 31.07 32.56 33.62 33.89 34.34 34.25 33.43 33.38 33.19 33.52 33.11 34.01 33.64 34.15 34.00 33.99 34.09 34.23 34.67 35.14 35.28 34.62 34.05 33.50 33.31 32.92 32.49 32.25 32.38 32.15 31.49 31.25 30.77 29.93 29.15 28.69 28.57 28.36 28.86 29.47 30.28 31.39 31.96 31.83 31.27 30.05 28.89 28.28 27.66 27.18 27.30 27.37 27.61 27.08 26.98 25.50 24.04 23.50
30.77 31.77 31.45 29.58 30.41 31.99 29.97 29.99 31.16 32.59 31.93 31.30 32.85 34.26 33.85 32.13 32.17 30.53 30.57 32.51 33.92 34.23 33.75 34.46 34.60 33.86 34.64 33.45 32.49 34.04 33.46 33.14 33.58 33.94 33.94 34.13 34.58 35.09 35.41 35.04 34.50 33.63 33.46 32.73 32.21 31.78 32.19 31.76 31.36 31.25 30.31 30.07 29.24 28.41 27.87 28.11 28.69 29.52 30.45 30.56 31.05 31.60 31.45 30.94 29.33 29.09 28.49 27.54 26.84 26.80 26.81 27.19 27.31 26.99 24.89 23.69
30.71 31.82 30.76 29.58 30.57 29.88 29.88 30.98 31.93 31.99 30.48 30.60 32.83 33.93 32.80 31.83 31.93 30.23 31.77 32.85 34.04 34.05 33.70 33.03 34.79 34.83 33.79 33.40 32.79 33.01 34.40 33.29 33.30 33.57 34.05 34.51 34.68 34.38 34.75 34.64 33.95 34.01 33.72 33.42 32.53 31.42 31.73 31.16 31.04 31.05 29.94 29.56 28.86 28.20 27.87 28.16 28.98 29.30 29.65 29.86 30.45 31.15 31.64 32.40 31.58 30.67 29.51 27.50 26.98 26.65 26.57 26.30 27.58 27.46 25.88 24.38
30.63 30.80 30.38 29.98 29.93 29.68 31.08 32.87 32.50 31.37 29.78 30.83 32.08 32.64 31.50 30.84 30.12 30.03 31.47 32.46 33.95 33.43 32.61 32.51 33.34 34.98 34.64 34.02 34.06 32.79 32.89 33.11 33.20 33.65 34.21 34.74 34.81 34.35 33.15 33.02 32.47 32.82 32.71 32.72 31.88 31.20 31.32 31.32 30.91 30.32 29.44 28.37 27.78 27.96 27.87 28.01 28.44 28.77 29.23 29.61 30.08 30.67 31.41 32.70 32.41 30.42 28.68 27.77 27.07 26.39 26.18 25.56 26.39 27.23 25.99 25.48
30.91 30.40 30.32 30.09 29.99 29.80 31.05 32.92 32.07 30.83 29.71 31.44 32.41 32.63 32.34 32.03 30.84 29.52 30.62 32.31 33.38 32.34 32.89 31.49 33.23 35.13 35.01 35.43 34.83 33.66 33.09 32.95 33.32 34.23 34.34 34.65 35.07 34.65 32.91 31.75 31.24 31.46 31.99 32.41 32.25 30.98 31.78 32.12 30.58 29.63 28.92 27.80 28.00 28.23 28.33 28.09 28.33 28.81 29.21 29.79 30.01 30.39 30.90 31.61 32.82 30.55 28.93 27.27 26.61 26.38 25.85 25.18 24.67 24.86 25.67 27.59
30.61 30.49 30.34 30.20 29.90 29.75 29.95 31.40 31.63 29.93 29.89 31.61 32.98 31.54 32.29 31.51 29.84 29.23 31.18 32.93 33.73 32.97 31.72 31.69 33.92 34.63 33.33 34.61 34.71 33.86 33.60 33.00 33.05 33.99 33.91 33.76 34.87 33.60 32.15 31.96 30.92 31.26 31.84 32.95 32.08 30.78 31.66 31.01 30.26 29.06 28.27 28.09 28.57 29.61 29.78 29.69 29.53 29.43 29.40 30.04 30.67 31.11 31.27 31.67 31.55 29.63 28.29 27.20 26.70 25.71 23.91 23.26 23.46 23.40 24.64 27.20
30.96 31.54 31.04 30.51 30.03 29.85 29.70 29.92 29.73 29.10 29.95 31.19 32.59 32.40 30.79 30.91 29.29 30.99 32.53 32.61 33.91 33.21 32.27 31.38 33.58 34.72 33.04 33.58 34.40 34.50 33.17 32.85 32.91 32.95 33.77 33.53 33.18 32.72 31.92 31.93 32.24 32.78 32.79 32.31 31.46 31.05 30.94 30.11 29.58 28.74 28.25 28.44 29.55 29.94 30.04 29.96 30.02 29.86 29.86 30.34 31.19 31.43 31.30 31.81 31.37 29.62 28.27 27.75 27.16 26.03 24.56 23.25 22.54 22.51 23.06 24.77
31.52 32.64 31.32 32.58 30.58 30.24 29.73 29.72 29.40 29.26 29.93 31.29 30.68 31.66 30.11 29.52 30.08 32.05 32.98 31.85 32.55 32.22 31.69 31.08 32.80 33.01 31.83 32.06 32.61 32.96 32.80 32.50 32.67 32.85 32.89 32.76 33.07 33.06 32.79 33.41 33.55 33.60 32.86 31.84 30.98 30.58 30.41 30.14 29.64 29.18 28.28 27.94 28.30 28.53 28.43 28.94 29.36 29.27 29.45 29.81 30.81 31.17 31.74 32.58 32.44 31.41 29.03 28.37 27.75 27.06 25.55 24.46 23.42 22.89 22.69 22.61
32.87 33.13 32.57 32.32 31.48 30.18 29.87 30.03 29.68 29.73 31.37 31.10 29.41 30.47 29.31 28.99 30.86 33.28 33.14 30.96 30.94 32.00 30.30 30.58 32.16 31.25 30.60 30.54 31.22 31.49 31.88 32.46 32.94 32.97 33.25 33.22 33.56 33.76 33.92 34.00 33.65 33.30 32.80 31.80 31.16 31.02 30.68 30.51 29.80 29.42 28.18 27.58 27.63 27.48 27.58 27.73 27.97 28.27 29.29 29.56 29.91 30.50 31.66 32.30 30.87 29.42 29.25 28.63 28.04 27.11 26.52 25.57 24.64 24.13 23.62 24.45
31.95 31.08 30.00 30.72 30.43 29.56 29.97 30.17 29.99 29.66 31.26 30.52 29.49 29.57 29.13 29.87 31.92 33.16 32.33 30.82 30.11 30.81 29.35 29.37 29.64 29.67 30.34 31.05 31.40 31.26 32.28 32.54 33.67 33.19 33.27 34.28 34.43 34.41 34.26 33.66 33.37 32.57 32.07 32.04 31.15 30.90 30.80 30.38 29.68 29.05 28.19 27.54 27.39 27.34 27.36 27.12 27.44 28.00 28.49 29.17 29.72 30.26 30.88 31.11 29.49 28.96 28.41 28.07 27.79 27.26 26.52 25.84 25.41 25.17 25.83 26.12
30.63 30.16 29.07 29.06 29.43 30.16 29.91 29.75 30.28 29.70 30.77 30.65 28.66 28.73 29.59 31.42 31.79 31.67 31.56 29.63 28.08 28.13 28.47 28.48 29.18 29.82 30.67 31.87 32.44 31.78 32.08 32.31 33.81 34.11 33.46 34.44 34.35 34.40 34.02 33.46 33.10 31.87 31.82 31.62 30.87 31.16 30.81 30.77 30.34 29.57 28.17 27.61 27.60 27.55 27.44 27.26 27.99 28.41 28.53 29.33 29.84 30.78 31.00 31.31 29.70 28.80 28.48 27.93 27.50 26.99 26.61 26.41 26.76 26.49 25.70 25.96
30.09 31.04 30.99 30.73 29.30 29.21 29.73 29.51 29.41 29.30 29.36 30.48 29.27 29.14 30.59 29.79 29.55 30.25 28.64 27.71 27.69 28.09 28.13 28.54 29.70 31.65 31.70 32.59 33.43 33.34 32.65 33.22 33.36 34.76 34.29 34.07 33.76 33.48 33.31 32.32 31.72 31.71 31.35 31.46 30.89 31.10 30.43 30.02 29.91 29.07 28.04 27.68 27.32 27.47 27.85 27.31 27.99 28.62 28.82 29.57 30.24 30.76 30.61 30.85 30.11 29.71 29.34 29.20 28.24 27.85 27.26 27.33 26.59 25.65 25.16 24.74
31.15 32.08 31.02 30.15 29.60 28.99 29.27 28.98 29.38 29.50 29.07 29.31 29.27 28.67 29.05 28.61 28.00 28.35 27.59 27.69 28.00 28.45 28.79 29.36 29.60 31.14 32.58 33.07 34.56 34.24 34.06 34.78 34.82 34.35 33.31 32.67 32.80 31.92 31.43 31.66 31.44 31.41 31.59 31.36 30.79 30.62 30.84 30.23 29.43 28.89 28.12 27.27 27.06 26.98 27.47 27.84 29.00 29.45 29.79 29.76 30.21 30.57 30.30 30.83 31.14 32.18 32.05 31.01 30.65 29.02 27.87 26.90 26.06 25.14 24.54 24.02
33.04 32.43 31.82 32.05 30.57 30.29 30.39 29.51 30.20 29.80 29.16 29.19 29.41 29.41 28.43 28.23 28.44 28.11 28.26 28.35 28.64 29.16 29.80 30.43 30.01 30.59 31.88 32.98 34.70 35.17 35.41 35.17 34.72 33.63 33.03 32.46 31.09 31.25 31.40 31.48 31.69 31.26 31.27 31.46 30.50 29.59 29.97 30.07 29.59 28.17 27.82 27.63 27.49 27.16 27.54 27.92 29.28 29.56 29.73 29.58 29.88 30.08 29.71 30.33 30.51 30.98 32.11 30.31 29.02 28.70 27.65 27.02 25.73 24.78 24.22 23.76
32.24 32.24 32.56 32.29 31.09 30.43 30.29 29.37 29.23 29.11 29.44 29.43 29.49 29.30 28.86 28.72 29.00 28.21 28.45 27.83 28.97 29.30 30.11 31.78 31.01 31.18 31.98 32.76 34.24 35.13 34.63 34.90 34.20 33.34 32.87 32.01 31.11 31.01 31.19 30.98 31.21 31.73 31.29 29.86 29.78 29.23 29.02 29.19 29.12 28.32 27.07 26.88 27.10 27.14 27.62 28.12 29.04 29.05 29.02 29.57 30.07 29.66 29.01 29.17 29.72 30.01 30.85 31.19 30.78 31.26 29.19 27.49 26.36 24.78 24.10 23.67
