raw_data/climate/mean_summer_rainfall.txt
ncols 886
nrows 691
xllcenter 112.0000
yllcenter -44.5000
cellsize 0.0500
nodata_value 99999.90
[rows 99 to 131 of 691, columns 300 to 374 of 886]
732.90 731.00 727.37 724.73 723.16 720.45 714.78 709.82 706.33 703.91 701.77 699.07 697.94 696.44 697.30 695.88 694.02 692.93 692.06 692.45 689.61 687.24 684.57 685.82 687.81 690.16 692.73 695.82 699.28 703.18 707.16 711.82 716.97 721.29 725.93 729.71 733.71 738.49 743.58 749.02 754.62 759.91 765.25 770.76 776.41 781.95 787.08 791.49 794.70 796.55 796.47 795.16 791.67 788.32 784.98 781.26 776.76 772.00 768.36 763.47 759.51 755.56 750.69 747.02 742.62 737.59 732.76 728.62 723.84 720.48 717.01 713.28 705.12 698.05 692.21
726.96 724.87 722.75 720.01 716.04 712.23 707.28 703.32 702.06 698.36 695.62 693.83 693.57 690.88 689.60 689.96 686.45 681.72 681.25 683.35 680.89 675.91 675.82 676.89 679.03 681.35 684.08 687.29 690.77 694.64 698.81 703.38 708.87 713.48 719.10 723.29 726.85 731.25 736.39 742.01 748.00 753.69 759.45 765.73 772.14 778.61 784.94 790.30 794.05 795.85 795.96 793.99 789.94 785.50 781.88 778.66 772.51 768.32 764.65 759.12 754.03 749.30 746.64 742.58 738.59 734.11 728.36 724.44 719.06 715.93 712.87 707.87 697.39 690.82 685.45
721.56 718.10 716.35 712.57 709.11 704.66 701.03 699.06 698.33 695.12 693.83 690.74 687.62 683.76 681.79 681.74 676.36 670.59 668.18 672.75 674.30 668.47 667.18 668.27 669.85 672.85 675.64 678.46 682.18 686.10 690.84 694.64 699.52 705.78 711.20 715.92 719.37 723.82 728.78 734.45 740.87 746.89 753.47 760.15 767.54 775.05 782.41 788.80 793.35 795.72 795.35 792.66 787.87 782.86 778.62 774.49 768.08 763.64 760.12 753.75 748.88 743.27 740.74 737.14 732.67 728.31 722.89 720.04 715.96 711.39 706.17 702.88 693.13 685.22 680.16
714.61 712.49 710.66 706.90 703.15 699.35 695.61 694.30 692.33 688.42 685.42 683.15 679.57 676.98 673.82 670.98 664.90 661.54 659.07 661.45 664.29 659.94 657.35 660.59 660.58 663.61 666.95 669.89 673.71 678.14 682.54 686.46 691.59 697.11 702.47 707.60 711.23 715.78 721.00 726.71 733.19 739.53 746.90 754.27 762.16 770.61 778.90 786.55 792.33 795.04 794.78 790.99 784.85 778.50 773.71 768.56 762.56 757.31 752.59 746.57 741.58 735.21 732.38 728.18 723.68 720.95 716.98 714.01 711.25 707.04 702.72 699.14 687.48 680.24 675.46
708.78 704.96 704.77 701.77 697.97 693.88 690.02 688.23 684.55 682.54 678.93 674.20 671.02 667.77 665.21 662.27 657.54 652.93 650.95 654.25 653.68 651.36 647.69 649.33 650.82 653.45 657.40 661.17 665.48 670.79 674.77 678.52 682.74 688.12 693.59 699.04 702.85 708.06 712.90 718.66 725.03 731.80 739.40 747.59 755.75 764.76 774.25 782.67 790.19 794.17 792.98 787.30 780.28 773.19 766.28 760.82 754.22 749.05 743.51 738.76 732.89 730.42 724.16 720.57 717.75 714.80 712.15 708.77 705.69 702.21 694.80 688.69 681.40 675.27 670.95
703.44 699.27 699.22 695.44 690.99 687.95 684.85 682.16 678.22 674.34 670.68 666.11 661.79 658.25 655.16 652.08 649.20 646.53 642.68 645.02 645.21 640.61 638.51 640.16 640.35 643.41 647.26 652.62 657.01 662.55 665.93 670.48 674.80 679.53 684.14 689.76 694.83 698.93 704.07 709.71 716.26 723.21 730.77 738.74 747.97 757.57 767.21 776.34 785.33 791.91 787.75 781.28 773.49 766.71 759.14 751.33 744.68 740.28 736.25 732.43 728.95 723.32 717.40 713.87 710.85 708.47 706.27 703.57 700.30 695.08 685.80 679.68 674.92 670.89 666.58
696.37 692.92 692.41 689.47 685.48 681.59 678.31 675.31 674.04 670.36 665.19 659.08 655.98 651.63 648.66 647.29 645.98 642.06 637.05 633.76 633.47 630.26 627.41 630.72 631.21 633.75 637.43 642.98 648.44 654.48 658.24 662.90 666.99 672.06 676.11 680.77 686.24 689.86 694.56 700.11 706.78 713.50 720.88 729.29 738.54 748.38 758.42 767.20 775.03 779.83 776.61 771.59 764.32 757.27 750.30 743.59 736.20 730.25 725.66 723.09 721.54 715.18 709.77 706.09 703.75 701.78 699.65 694.33 689.70 688.55 679.19 674.31 669.58 665.62 662.27
688.85 685.50 683.93 683.76 679.84 675.21 672.48 669.95 665.13 662.87 659.61 654.76 650.74 645.84 642.58 641.87 645.73 640.85 633.85 626.26 620.28 617.31 616.07 616.96 619.94 622.71 627.59 633.09 639.54 647.08 651.84 655.34 659.63 663.08 666.77 671.84 678.09 681.37 684.78 689.74 696.12 703.03 710.54 718.61 727.61 737.04 746.59 754.27 760.13 762.85 760.74 758.04 751.84 745.72 739.60 733.37 727.10 720.30 718.59 714.38 712.58 708.00 702.13 699.24 697.73 696.14 691.68 683.31 678.43 676.90 671.56 667.97 664.35 660.99 657.92
683.05 679.27 676.40 676.47 674.90 670.93 667.83 664.93 660.04 656.06 653.82 651.87 647.30 641.80 637.99 637.25 638.59 634.73 623.17 614.42 609.71 606.57 605.07 605.58 608.60 612.63 617.91 623.91 630.21 636.93 642.28 647.08 650.32 653.58 656.87 660.76 665.99 670.40 674.96 679.85 686.54 692.39 699.16 707.36 715.75 724.26 732.62 739.44 744.38 747.25 747.02 743.13 738.27 732.11 727.61 721.26 715.13 710.05 708.64 705.27 701.45 698.98 694.22 693.46 689.97 686.60 679.11 675.28 672.20 669.29 666.15 662.81 659.57 656.17 653.48
677.79 674.70 670.22 667.44 666.14 664.93 662.76 658.71 655.37 652.40 650.01 646.06 643.42 639.49 635.44 632.19 628.39 628.33 618.78 606.97 600.70 596.68 594.20 594.95 598.16 602.71 608.60 615.34 621.85 627.56 632.79 639.12 643.89 645.78 647.84 650.55 654.34 658.57 664.35 668.94 675.17 680.80 688.04 695.68 703.43 711.35 718.88 725.30 729.32 731.21 730.63 728.08 724.42 720.08 714.29 708.38 703.44 699.59 697.39 695.76 692.32 688.73 685.23 682.13 679.27 675.03 672.01 669.49 666.73 663.80 660.84 657.76 654.72 652.14 650.53
671.75 669.47 665.21 662.85 660.67 659.17 655.73 650.84 648.80 646.57 642.58 638.95 637.08 633.00 627.70 623.46 620.19 618.67 614.48 606.96 594.50 588.21 586.81 592.60 591.91 596.62 600.55 607.34 613.42 619.36 625.82 629.31 632.11 635.71 638.01 640.68 643.96 648.32 653.23 659.07 664.15 670.29 677.05 684.55 691.61 699.23 705.33 710.41 714.10 716.28 715.98 714.45 711.49 706.79 701.46 696.08 692.62 690.28 687.99 685.62 683.39 682.46 680.50 674.49 671.71 668.84 666.09 663.50 661.15 658.46 655.78 653.25 650.86 648.64 646.77
663.97 662.48 659.57 656.89 655.27 654.24 651.25 645.53 644.99 641.29 636.70 632.23 631.63 627.46 622.10 618.17 613.41 607.40 601.70 598.12 591.99 582.59 577.14 579.18 584.49 587.53 593.39 599.56 605.25 610.74 615.57 619.20 621.07 624.18 626.61 629.58 633.56 637.85 642.97 648.36 653.26 660.18 666.47 672.68 678.84 684.86 690.62 695.87 699.31 701.35 701.53 700.24 697.19 692.99 688.98 685.87 684.53 682.35 679.76 677.54 676.61 676.66 671.53 667.41 665.14 662.81 660.26 658.00 655.79 653.37 651.57 649.51 647.33 645.40 640.75
657.61 654.08 652.10 649.45 649.83 647.59 644.24 642.70 640.39 635.86 632.40 628.18 624.59 621.81 618.01 614.64 609.18 603.68 597.78 591.36 586.01 582.58 575.88 578.07 579.17 582.89 587.85 592.99 597.76 602.13 607.62 608.61 609.70 611.23 614.08 617.16 622.05 627.84 634.04 636.82 643.23 650.53 656.58 663.33 667.98 673.46 678.83 682.92 685.68 687.72 686.86 685.64 683.40 681.21 679.51 677.83 676.81 674.39 671.68 670.61 670.20 667.89 662.58 660.66 658.58 656.46 654.57 652.44 650.36 649.24 647.35 644.72 643.45 640.45 635.18
652.16 648.05 643.70 641.99 640.26 639.23 637.77 635.92 633.77 631.74 628.05 624.23 623.88 620.16 616.25 612.67 606.45 601.54 596.15 590.56 584.86 580.00 576.62 580.83 583.55 580.38 584.91 588.33 591.06 594.17 596.17 597.62 599.41 601.48 602.41 605.40 610.24 617.23 621.72 626.92 633.26 639.19 647.76 653.25 657.81 662.21 667.65 670.52 673.86 675.46 675.36 673.77 672.17 670.83 670.99 669.89 668.64 666.66 665.32 664.85 662.20 657.03 655.38 653.67 651.83 650.29 648.37 646.89 645.06 643.81 640.58 636.89 635.22 632.12 627.23
643.54 638.60 635.88 634.67 632.24 632.61 630.61 628.87 625.17 623.86 621.87 622.36 620.46 616.62 614.75 614.45 605.86 600.33 595.72 594.97 594.03 581.63 580.83 584.93 583.58 581.36 585.19 585.65 586.42 588.69 589.71 590.49 594.12 595.17 590.18 594.22 599.72 605.58 611.65 618.10 624.19 630.08 637.25 641.86 648.07 651.41 656.97 659.77 662.53 663.44 663.65 663.50 661.97 661.48 661.20 660.79 660.35 660.45 656.85 652.99 650.72 649.39 648.14 646.45 645.03 643.90 642.06 641.83 639.99 638.36 636.58 633.71 629.42 626.01 621.70
634.23 631.86 629.45 626.77 625.63 624.67 622.34 620.94 619.20 617.76 615.64 619.25 618.14 616.74 617.04 613.56 606.16 599.82 596.91 604.75 599.99 592.35 581.48 585.82 586.03 581.78 583.27 587.13 588.61 584.86 586.90 586.42 584.23 578.68 579.20 584.63 590.55 596.67 603.59 609.99 616.56 621.69 626.88 631.12 638.68 642.51 644.95 649.14 651.08 651.55 652.25 653.18 651.64 651.65 651.48 651.68 652.60 649.77 645.00 644.10 643.02 641.99 640.48 639.24 637.99 637.19 637.08 637.31 634.55 633.82 629.59 628.28 623.85 620.23 616.16
626.45 624.88 622.75 620.14 617.92 616.58 615.23 615.28 614.16 611.98 610.89 612.04 614.45 613.33 609.71 606.39 604.69 598.96 598.32 610.65 604.99 590.26 585.48 582.99 585.77 585.96 580.15 582.16 586.37 585.02 583.82 574.24 571.62 569.80 569.59 576.48 583.46 589.04 596.57 604.17 612.11 614.64 618.52 621.09 629.27 630.79 631.60 635.58 637.89 639.99 641.05 641.38 642.26 641.09 642.25 641.17 639.11 637.49 637.13 636.27 635.12 634.31 632.99 632.56 631.91 631.03 631.17 630.90 627.48 625.83 620.77 618.36 617.17 612.61 607.37
619.54 616.04 614.91 613.34 611.71 609.88 609.15 608.24 607.56 607.08 607.88 609.12 609.22 606.42 605.10 605.00 603.37 599.87 596.72 605.65 601.45 600.36 596.78 586.01 582.38 585.29 579.04 580.53 579.27 575.97 571.80 566.47 565.08 565.93 562.40 567.17 574.39 581.98 589.69 599.17 604.68 607.91 609.62 613.67 616.31 616.50 617.65 621.03 624.55 627.93 629.50 630.22 631.26 632.26 632.95 630.67 629.30 629.21 628.95 628.26 627.67 626.48 625.48 625.64 626.84 625.09 625.36 624.50 620.51 618.21 614.71 611.31 609.17 603.73 599.31
611.31 608.69 606.72 606.77 605.08 604.15 604.17 603.12 602.75 602.61 601.88 602.92 603.79 604.13 602.18 603.45 602.14 598.54 594.16 596.51 598.20 603.15 597.58 596.10 582.67 581.97 578.59 574.96 572.33 566.96 564.64 562.68 558.75 560.43 557.73 562.25 568.25 575.78 584.83 591.44 600.02 601.25 602.40 603.42 603.53 604.38 605.62 609.40 611.86 615.47 618.20 620.05 621.86 622.05 619.71 620.04 620.38 620.62 620.45 620.14 619.55 618.77 618.22 618.40 619.30 618.37 615.99 614.87 613.63 612.00 608.07 604.61 599.77 595.86 592.13
602.89 601.52 599.80 599.54 598.71 598.87 599.23 598.46 598.94 597.18 599.49 602.16 604.08 602.19 599.43 597.63 595.29 596.94 594.10 594.00 593.79 596.66 595.34 592.65 581.96 579.85 579.70 571.67 567.22 564.59 563.33 555.12 558.84 559.50 555.83 558.05 561.80 571.20 581.43 584.94 589.85 593.13 593.58 593.29 592.71 592.95 594.42 597.42 600.87 603.12 607.12 608.70 609.12 610.63 610.54 610.77 611.64 612.03 612.02 611.87 611.65 611.48 612.05 611.57 610.69 609.26 608.33 608.56 607.39 604.91 602.47 597.91 593.40 591.09 588.70
597.44 594.56 595.58 594.13 592.93 593.75 594.68 593.66 594.46 593.70 593.85 596.77 595.83 594.91 595.09 594.02 592.55 594.85 593.43 592.90 592.42 591.28 589.90 584.91 580.40 576.89 576.17 568.30 564.55 559.26 555.24 549.97 557.86 553.47 557.21 551.52 557.34 564.07 574.81 578.26 582.86 584.92 584.57 583.64 582.69 582.39 582.86 584.82 588.07 590.72 593.04 597.28 599.42 600.15 601.21 602.05 602.89 603.54 603.95 604.22 604.76 605.16 605.05 606.21 606.40 605.14 600.52 601.17 601.63 598.53 596.49 592.59 587.35 585.13 585.61
589.54 588.89 589.11 588.14 587.50 587.78 588.78 589.70 589.12 590.51 590.78 591.11 591.44 592.74 592.15 588.77 590.07 590.49 589.75 589.69 589.08 590.20 587.49 584.58 577.69 573.54 570.72 569.00 560.54 553.00 547.97 544.81 548.86 544.36 543.34 544.89 547.12 553.70 562.28 570.32 573.76 575.54 575.09 574.44 572.22 569.98 570.76 573.79 576.86 579.82 583.03 586.67 589.99 592.04 592.38 593.12 594.30 595.41 595.97 597.34 598.68 599.03 599.53 599.80 601.20 599.77 594.27 594.63 593.82 591.25 589.79 586.74 581.89 579.64 576.69
583.60 584.04 583.00 581.98 582.08 582.79 584.07 587.31 589.35 590.19 589.86 589.32 588.78 588.53 587.45 587.43 586.50 586.52 586.53 586.20 584.96 585.96 585.06 579.26 572.87 568.85 569.74 561.15 554.49 548.06 544.05 543.23 535.80 535.87 536.64 540.81 538.61 545.35 553.08 559.80 563.53 565.25 566.15 564.45 561.41 559.13 561.13 565.20 567.54 570.51 573.56 577.19 583.31 583.22 583.43 584.73 585.99 587.12 588.67 590.98 592.70 593.08 594.38 593.08 594.12 592.09 589.72 586.96 585.64 584.06 583.20 582.19 576.59 573.84 568.64
578.44 577.58 577.15 576.92 577.38 578.56 579.15 581.48 584.07 586.99 586.54 585.32 585.28 586.21 583.96 584.31 583.54 582.41 584.05 583.50 580.10 581.05 579.71 572.19 570.20 567.62 562.04 558.04 547.52 542.70 545.20 542.74 534.00 536.40 526.56 526.80 533.33 538.33 543.46 549.89 553.03 556.21 556.68 555.78 554.41 553.47 554.55 558.04 559.82 562.37 565.40 569.85 572.04 573.43 575.24 576.68 578.16 579.82 582.17 584.50 584.76 586.56 588.45 587.47 587.16 587.25 583.44 581.98 579.39 578.22 577.29 577.93 573.38 568.48 566.23
571.93 571.40 571.84 572.21 572.73 573.93 577.56 578.51 579.12 582.42 586.10 583.48 581.92 581.19 580.15 580.37 580.82 579.11 581.99 577.29 575.66 577.52 574.79 568.46 566.93 557.95 555.53 547.72 541.54 538.11 549.74 549.58 535.85 526.06 519.18 520.83 526.41 529.77 534.17 539.09 543.26 546.31 547.92 548.31 548.87 548.66 550.53 551.96 553.82 555.97 558.85 561.69 563.42 565.54 567.29 568.98 570.66 573.03 574.91 576.46 578.00 580.51 580.99 581.32 580.33 581.00 577.81 577.40 573.68 572.00 572.15 571.52 569.96 565.07 560.38
566.09 566.33 567.18 567.89 568.10 569.35 575.32 575.62 576.80 579.26 580.92 576.99 577.24 577.74 577.77 577.63 578.28 577.88 577.54 572.13 571.79 572.42 565.34 562.67 556.88 550.75 546.30 542.69 536.19 538.58 544.76 536.44 529.34 523.46 517.60 515.27 518.35 522.32 527.03 531.65 535.62 538.73 541.54 542.23 544.22 544.89 545.85 545.83 547.37 550.28 553.44 555.74 556.01 557.80 559.75 561.41 563.24 565.44 568.55 571.76 572.79 571.44 572.25 574.86 576.75 575.54 571.38 570.27 569.80 567.43 565.90 565.09 566.58 562.14 558.05
560.80 562.36 563.23 563.08 563.62 564.80 568.76 573.69 574.27 574.25 575.63 574.15 576.01 576.19 575.86 575.99 575.21 578.23 572.93 568.47 567.35 563.33 560.26 554.49 549.13 544.00 540.67 536.93 532.01 538.37 539.22 527.37 520.57 512.86 512.20 511.41 514.00 517.20 521.59 526.27 529.79 533.20 535.35 537.19 541.48 543.60 543.22 542.95 543.94 546.61 547.82 547.73 549.33 551.27 552.80 554.23 556.09 558.57 561.83 564.65 567.89 566.68 565.35 566.45 569.31 567.33 565.13 565.72 562.69 562.66 561.77 561.24 560.23 557.54 554.85
555.53 557.28 558.80 558.69 559.28 561.48 563.25 569.06 568.33 568.70 569.95 571.70 574.63 574.40 573.94 575.06 573.12 576.96 568.66 565.79 564.35 557.84 551.78 548.51 543.61 538.47 535.57 534.62 527.79 528.87 521.81 524.94 520.82 508.19 507.46 508.27 510.31 513.33 517.13 521.49 525.40 528.81 531.62 535.78 537.63 537.80 540.06 539.79 539.79 540.13 540.90 541.35 543.03 544.59 546.06 548.31 549.54 552.12 555.86 557.65 560.43 561.71 560.11 560.46 561.30 559.98 558.91 558.88 556.70 556.08 556.30 556.67 554.20 548.11 549.11
550.71 553.14 553.46 553.80 555.21 556.51 558.20 563.49 564.43 564.26 565.32 567.14 569.78 569.98 571.14 571.99 572.57 573.25 566.10 561.53 558.31 552.89 547.77 544.45 539.40 536.44 529.60 529.71 530.24 520.42 518.36 520.41 515.68 505.36 504.40 505.37 507.22 510.08 513.61 517.58 521.40 525.72 529.97 531.40 532.11 533.77 535.55 534.49 534.86 535.28 536.29 537.19 537.31 538.78 539.93 542.96 544.23 546.94 550.14 553.25 554.28 556.90 557.84 557.59 555.47 554.10 553.54 554.03 552.80 551.38 550.55 550.52 546.06 541.20 543.63
546.41 547.98 548.08 548.92 551.43 552.44 555.80 559.25 558.34 559.43 561.29 563.06 565.01 566.34 567.73 567.55 571.22 568.43 563.68 557.00 552.79 549.24 543.94 544.28 538.38 530.95 526.52 525.73 522.07 512.39 517.04 514.89 503.29 500.95 501.14 502.50 504.73 507.21 510.54 514.79 519.12 522.75 525.48 526.62 528.35 528.59 530.68 531.19 530.78 531.72 531.73 531.53 532.35 533.90 534.58 536.40 540.69 543.62 545.07 548.60 551.20 552.67 553.57 551.50 550.17 549.70 548.72 548.65 546.93 544.58 544.04 542.89 541.11 536.90 536.99
542.00 543.77 544.19 544.79 546.46 548.47 553.01 554.69 554.34 554.58 557.33 559.22 562.69 563.18 565.11 563.89 567.00 564.37 556.78 552.99 553.17 547.83 542.23 542.31 534.18 527.04 524.78 521.51 513.28 505.94 514.35 504.15 497.57 497.04 497.62 499.17 501.82 504.33 507.59 511.83 516.63 518.82 521.09 523.23 524.09 524.64 526.51 526.75 526.68 528.35 527.92 528.51 527.70 528.96 530.09 531.12 534.21 538.98 543.84 546.33 547.80 548.29 547.49 547.94 546.70 545.86 544.92 542.17 539.51 538.22 537.30 535.82 533.98 532.33 530.00
538.27 539.01 539.78 540.91 542.83 544.28 548.45 550.34 549.82 551.26 553.92 556.98 559.01 560.70 560.62 559.72 561.77 560.50 553.93 551.91 547.29 542.66 543.68 541.08 526.82 524.11 526.83 514.48 506.30 500.12 499.85 494.28 493.66 493.52 494.36 496.34 499.38 503.15 505.75 508.82 512.98 515.81 518.40 519.97 520.23 520.66 521.70 522.12 522.78 524.09 524.69 524.98 524.43 524.03 525.16 527.32 529.43 532.36 538.23 541.36 541.67 541.84 542.87 543.03 541.42 539.56 539.51 537.91 535.14 534.94 533.61 531.59 528.63 526.52 525.04
535.99 536.11 536.38 536.79 538.81 543.26 546.37 546.07 546.20 549.16 550.56 554.99 556.02 556.32 554.70 554.14 557.01 557.52 553.62 546.15 544.08 539.31 541.30 532.69 522.36 523.44 526.93 507.11 501.30 494.72 491.55 489.99 489.65 490.11 491.55 494.06 497.16 501.91 503.15 505.69 510.15 514.12 517.01 517.43 517.32 518.35 519.45 519.00 519.03 519.47 519.66 519.31 519.75 520.53 521.80 523.48 526.25 528.79 532.72 535.58 535.59 535.81 536.73 536.21 536.58 535.22 533.49 532.04 531.39 530.50 528.90 527.25 526.77 523.60 520.90
