raw_data/climate/mean_winter_rainfall.asc
ncols 886
nrows 691
xllcenter 112.0000
yllcenter -44.5000
cellsize 0.0500
nodata_value 99999.90
[rows 510 to 543 of 691, columns 456 to 531 of 886]
283.72 282.64 281.53 280.44 279.20 278.01 276.43 274.98 273.11 271.62 269.69 267.98 265.57 263.29 260.69 257.97 255.21 251.93 248.34 244.26 240.19 235.75 231.50 227.20 223.01 219.48 217.15 215.44 215.18 215.57 216.75 217.93 219.83 221.39 223.97 226.39 229.34 232.48 235.47 238.87 241.55 244.52 246.29 247.34 246.95 245.51 243.28 239.71 234.79 229.54 223.09 217.13 211.02 206.03 201.77 198.30 196.01 194.50 194.05 194.06 195.48 196.31 198.22 199.87 202.33 204.82 208.16 211.48 219.73 244.21 300.56 284.96 309.52 314.53 302.78 284.76
285.80 284.63 283.48 282.39 281.13 279.85 278.49 276.75 275.05 273.40 271.86 269.94 267.89 265.53 262.97 260.27 257.64 254.49 251.23 247.47 243.62 239.28 235.45 231.70 228.30 225.47 223.33 221.97 221.38 221.41 222.27 223.18 224.79 226.65 228.81 231.81 234.89 238.82 242.51 246.69 250.12 253.52 255.56 256.74 256.16 255.00 251.46 247.74 241.66 235.53 228.11 221.29 214.32 208.58 203.98 200.85 199.39 196.93 196.81 197.37 198.47 199.58 201.24 202.81 205.07 207.56 211.70 262.57 295.92 335.94 381.47 360.78 354.57 333.12 311.74 285.23
287.73 286.85 285.54 284.43 283.16 281.96 280.45 278.97 277.05 275.62 273.70 272.00 269.94 267.74 265.35 262.70 260.16 257.41 254.33 250.71 247.25 243.64 240.12 236.62 233.59 231.15 229.52 228.22 227.88 227.63 228.17 228.94 230.23 231.77 234.21 237.07 241.03 245.28 250.24 254.88 259.36 262.84 265.47 266.35 265.95 263.89 260.25 255.14 248.96 254.18 265.85 266.68 235.25 225.13 215.68 211.24 207.89 199.21 199.10 200.06 201.42 202.78 203.92 205.54 207.58 210.06 224.80 317.69 364.97 359.55 360.29 352.49 340.27 301.17 282.88 276.17
289.91 288.87 287.76 286.60 285.20 284.11 282.69 281.14 279.28 277.73 275.95 274.34 272.33 270.34 267.74 265.49 262.82 260.38 257.41 254.50 251.17 247.89 244.46 241.78 239.06 237.11 235.68 234.67 234.00 234.07 234.27 235.08 236.03 237.60 239.81 243.09 247.45 252.59 258.49 263.89 268.92 272.83 275.23 276.02 274.93 273.84 272.94 283.00 290.74 308.62 310.09 289.29 255.22 233.41 228.41 210.27 206.50 202.41 202.19 203.68 205.19 206.13 206.71 207.89 210.02 212.60 216.00 258.82 293.48 262.13 245.73 253.63 246.72 240.42 242.47 235.70
292.03 291.07 289.92 288.71 287.49 286.28 284.74 283.54 281.62 279.93 278.24 276.59 274.74 272.88 270.70 268.27 265.80 263.47 260.91 258.07 255.25 252.34 249.50 246.76 244.33 242.62 241.57 240.72 240.50 240.34 240.75 241.32 242.69 244.01 246.47 249.62 254.72 260.58 267.57 275.22 287.87 300.21 329.90 324.98 336.60 341.51 321.33 325.08 313.32 306.28 295.92 262.71 250.89 229.22 216.59 210.56 206.02 205.11 205.81 208.04 210.21 210.21 210.12 210.51 212.31 214.79 217.64 220.60 224.34 228.68 232.58 235.70 237.65 238.14 236.25 232.40
294.06 293.13 291.95 290.82 289.46 288.26 287.14 285.77 284.06 282.15 280.61 279.03 277.34 275.29 273.38 271.14 269.05 266.53 264.47 261.75 259.55 256.58 254.38 251.65 249.86 248.22 247.73 246.73 246.97 246.78 247.59 248.24 249.90 251.37 254.32 257.42 276.18 282.57 311.32 327.65 333.82 355.25 375.98 367.17 370.94 365.40 355.76 344.36 322.08 299.54 292.45 266.10 250.82 238.11 223.46 221.43 214.27 218.29 219.06 231.66 220.75 215.70 233.52 260.71 265.39 240.71 219.69 222.22 226.13 229.36 232.91 236.01 237.76 237.69 236.39 233.32
296.17 295.14 294.14 292.96 291.70 290.42 289.27 287.98 286.30 284.69 283.15 281.33 279.78 278.08 276.34 274.13 272.21 269.92 268.07 265.66 263.62 261.17 259.08 256.84 255.27 253.97 253.62 253.15 253.45 253.68 254.63 255.50 257.56 259.67 262.92 267.70 291.26 309.48 343.76 365.44 375.74 385.79 387.37 387.00 382.85 377.16 363.41 346.27 327.12 310.08 295.54 285.12 266.46 248.41 232.36 226.57 222.80 223.04 229.81 229.50 225.91 228.06 245.68 253.49 254.89 236.59 227.58 224.06 227.41 230.84 233.84 236.26 237.96 238.31 236.99 234.79
298.31 297.23 296.17 295.08 293.69 292.57 291.50 290.22 288.78 287.19 285.47 283.99 282.32 280.79 279.06 277.37 275.49 273.48 271.61 269.61 267.82 265.89 264.09 262.19 260.62 259.70 259.58 259.27 259.76 260.48 261.78 263.29 265.45 268.33 272.34 283.17 309.52 337.11 352.29 364.10 372.70 384.48 380.54 377.80 365.63 359.12 349.32 339.50 317.39 297.25 282.66 270.63 257.18 240.44 228.74 224.72 222.71 225.63 231.28 229.74 230.67 240.82 241.61 247.06 256.56 248.89 242.23 226.37 229.29 232.23 235.18 237.63 238.82 239.16 238.45 236.61
300.69 299.50 298.49 297.19 296.17 294.74 293.57 292.39 291.29 289.69 288.30 286.62 285.24 283.67 282.14 280.34 278.76 276.92 275.27 273.62 271.99 270.23 268.76 267.28 266.03 265.37 265.35 265.64 266.30 267.19 268.77 270.81 273.49 277.00 281.48 291.22 311.48 329.85 346.75 356.00 365.13 372.23 366.12 352.07 334.53 326.25 317.37 303.89 286.15 267.96 257.29 248.93 245.27 237.40 234.14 232.60 227.53 226.36 226.49 228.02 229.36 229.28 229.03 228.73 238.76 239.01 228.71 230.30 232.42 234.72 237.00 238.82 240.03 240.56 239.92 238.65
302.76 301.71 300.65 299.56 298.32 297.03 295.83 294.71 293.50 292.27 290.77 289.35 287.89 286.54 285.16 283.51 282.08 280.47 279.04 277.42 276.23 274.73 273.55 272.36 271.35 270.78 271.15 271.59 272.60 273.90 275.74 278.11 281.12 284.86 289.71 295.48 307.39 322.51 344.77 353.79 353.87 341.69 334.27 319.65 307.75 306.74 293.08 275.08 262.48 255.35 254.08 250.76 245.65 244.89 243.99 240.17 231.75 230.34 231.28 232.21 232.77 233.50 233.08 232.88 232.73 232.90 232.99 234.38 235.86 238.08 239.74 241.12 242.01 242.18 241.75 240.89
305.05 303.92 302.96 301.75 300.69 299.28 298.13 296.94 295.76 294.54 293.40 292.00 290.83 289.50 288.21 286.73 285.36 283.96 282.71 281.46 280.40 279.09 278.11 277.25 276.71 276.42 276.66 277.50 278.73 280.20 282.16 284.75 288.10 292.03 296.59 302.34 308.75 315.46 351.28 359.09 343.97 327.06 330.99 325.30 302.62 293.44 287.29 271.63 257.48 252.74 250.93 247.35 254.92 252.13 248.84 251.11 240.74 235.45 235.79 236.42 237.23 237.19 237.34 237.11 237.37 236.77 237.81 238.78 240.06 241.55 243.02 243.80 244.47 244.99 244.52 243.66
307.23 306.19 305.10 304.00 302.86 301.74 300.53 299.32 298.24 297.04 295.76 294.73 293.39 292.38 291.23 289.99 288.69 287.43 286.33 285.13 284.31 283.60 282.76 282.06 281.56 281.65 282.08 283.03 284.32 286.11 288.21 290.94 294.16 298.11 302.42 307.39 312.86 318.13 327.36 331.37 324.02 319.15 315.52 305.43 295.49 285.62 275.94 268.45 261.57 256.81 252.83 249.78 247.91 254.45 250.37 242.10 240.79 240.58 240.65 240.86 241.07 241.48 241.35 241.52 241.11 241.53 242.10 242.92 244.21 245.13 246.19 247.03 247.64 247.51 247.13 246.56
309.45 308.44 307.34 306.27 305.11 304.16 302.98 301.80 300.62 299.46 298.52 297.30 296.20 295.18 294.15 293.16 291.95 290.96 289.85 288.97 288.09 287.45 286.92 286.51 286.39 286.67 287.24 288.16 289.55 291.47 293.68 296.26 299.49 303.03 307.15 311.30 315.52 319.63 322.45 323.34 321.79 318.34 312.67 305.54 297.19 288.36 279.90 272.67 266.81 262.14 258.24 255.03 252.24 249.96 248.24 247.09 246.14 245.72 245.38 245.37 245.46 245.15 245.59 245.55 245.51 245.86 246.47 247.25 248.07 249.07 249.74 250.28 250.51 250.45 250.26 249.53
311.69 310.60 309.60 308.45 307.39 306.55 305.46 304.38 303.11 302.07 300.99 300.03 298.96 298.04 297.17 296.26 295.33 294.32 293.49 292.58 291.75 291.33 291.07 290.90 290.75 291.42 292.06 293.10 294.51 296.46 298.65 301.23 303.91 307.06 310.66 314.20 317.58 320.33 322.33 322.42 320.65 317.32 312.39 306.08 299.10 291.49 284.20 277.77 272.08 267.80 264.11 260.77 258.06 255.57 253.84 252.37 251.79 250.86 250.54 249.80 249.67 249.77 249.57 249.66 249.62 250.02 250.64 251.33 251.93 252.60 253.42 253.54 253.90 253.48 253.34 252.69
313.95 312.93 311.76 310.80 309.68 308.74 307.81 306.73 305.71 304.66 303.62 302.75 301.74 300.81 300.00 299.34 298.44 297.75 296.86 296.39 295.72 295.05 294.89 294.98 295.10 295.83 296.81 297.84 298.97 300.73 302.97 305.33 307.77 310.47 313.40 316.28 318.79 320.93 322.04 321.83 320.12 316.80 312.43 306.96 300.97 294.72 288.57 282.63 277.72 273.22 269.56 266.53 263.81 261.36 259.57 257.98 256.84 256.19 255.49 255.07 254.57 254.23 253.94 253.88 254.06 254.34 254.66 255.12 255.70 256.13 256.69 257.00 256.83 256.85 256.50 255.87
316.12 315.21 314.13 313.11 312.05 310.98 310.10 309.16 308.14 307.27 306.20 305.40 304.61 303.73 302.89 302.28 301.67 300.93 300.45 299.83 299.32 298.91 298.56 298.75 299.03 299.79 300.93 302.10 303.30 304.75 306.70 308.89 311.19 313.40 315.72 318.01 319.88 321.25 321.86 321.36 319.96 316.91 313.02 308.42 303.18 297.80 292.59 287.43 282.66 278.62 274.79 271.88 269.22 267.13 264.93 263.38 262.29 261.24 260.51 259.63 259.41 258.91 258.90 258.37 258.48 258.67 258.83 258.97 259.38 259.86 260.02 260.22 260.25 259.92 259.49 259.15
318.31 317.44 316.43 315.37 314.52 313.39 312.40 311.50 310.58 309.59 308.69 307.93 307.24 306.39 305.70 305.20 304.57 304.16 303.43 303.15 302.93 302.50 302.23 302.37 302.62 303.42 304.70 305.85 307.23 308.50 310.16 312.05 314.18 316.13 317.89 319.50 320.85 321.78 322.09 321.39 319.90 317.46 314.09 310.06 305.59 300.88 296.15 291.63 287.49 283.64 280.10 277.01 274.47 272.19 270.17 268.57 267.18 266.19 265.16 264.79 264.04 263.81 263.21 263.00 262.96 262.82 263.01 263.26 263.06 263.34 263.32 263.35 263.13 262.99 262.64 261.81
320.57 319.66 318.81 317.78 316.77 315.92 314.75 314.00 312.97 312.04 311.16 310.39 309.82 309.20 308.43 307.77 307.48 307.00 306.69 306.29 306.02 305.87 305.67 305.68 306.14 307.02 308.01 309.33 310.76 312.11 313.50 314.96 316.65 318.39 319.88 320.94 321.94 322.48 322.46 321.80 320.29 318.08 315.44 311.96 308.21 304.02 299.61 295.72 291.80 288.40 285.13 282.12 279.39 277.26 275.17 273.57 272.16 271.09 270.14 269.45 268.68 268.33 267.64 267.44 267.16 267.18 267.08 267.04 267.16 266.67 266.99 266.47 266.34 266.00 265.66 265.27
322.83 321.92 320.95 320.09 319.18 318.36 317.28 316.31 315.53 314.52 313.73 312.91 312.31 311.78 311.19 310.56 310.01 309.84 309.47 309.16 309.13 308.96 309.08 309.12 309.19 310.08 311.11 312.28 313.63 315.03 316.42 317.61 318.93 320.38 321.62 322.56 323.05 323.46 323.22 322.45 321.19 319.20 316.75 313.70 310.49 306.88 303.28 299.56 296.07 292.76 289.85 286.78 284.54 281.89 280.32 278.39 277.06 275.69 275.00 273.96 273.31 272.54 272.34 271.84 271.61 271.36 271.07 270.96 270.61 270.72 270.14 270.14 269.69 269.42 268.95 268.22
325.09 324.13 323.14 322.41 321.39 320.68 319.80 318.87 317.96 317.12 316.30 315.46 314.85 314.45 313.95 313.38 312.86 312.41 312.37 312.17 311.88 311.82 311.89 312.15 312.37 313.16 314.09 315.30 316.31 317.60 318.88 320.09 321.18 322.30 323.32 324.09 324.48 324.46 324.40 323.51 322.33 320.51 318.28 315.57 312.83 309.71 306.66 303.35 300.00 297.02 294.05 291.61 289.22 287.10 284.99 283.48 281.79 280.81 279.33 278.45 277.66 277.04 276.28 276.12 275.64 275.28 275.19 274.85 274.46 274.09 273.75 273.34 273.13 272.61 272.38 271.77
327.42 326.44 325.50 324.55 323.76 322.73 322.17 321.21 320.39 319.58 318.77 317.98 317.21 316.78 316.38 316.10 315.52 315.23 314.96 314.79 314.74 314.70 314.82 315.01 315.15 315.82 316.87 317.77 318.96 320.08 321.22 322.36 323.27 324.11 324.94 325.60 325.75 325.68 325.29 324.63 323.45 321.89 319.99 317.67 315.12 312.47 309.68 306.81 303.85 301.02 298.25 295.79 293.50 291.50 289.64 287.98 286.78 285.06 283.95 282.74 281.87 281.10 280.62 280.07 279.74 279.34 278.84 278.48 277.88 277.44 276.88 276.74 276.20 275.83 275.36 274.66
329.69 328.75 327.85 327.00 325.98 325.15 324.40 323.67 322.82 322.04 321.35 320.56 319.83 319.22 318.83 318.64 318.39 317.88 317.66 317.60 317.49 317.52 317.50 317.78 318.07 318.73 319.43 320.51 321.47 322.53 323.47 324.37 325.33 326.04 326.79 327.11 327.20 327.07 326.60 325.94 324.94 323.60 321.88 319.98 317.58 315.13 312.61 310.01 307.66 304.83 302.16 299.86 297.69 295.88 294.08 292.67 291.03 289.73 288.29 287.25 286.40 285.31 284.98 283.97 283.57 283.19 282.71 282.13 281.76 281.02 280.69 279.97 279.62 279.03 278.57 278.05
331.85 331.03 330.13 329.24 328.46 327.51 326.68 325.96 325.30 324.52 323.78 323.24 322.47 321.85 321.41 321.15 320.87 320.78 320.41 320.17 320.29 320.23 320.36 320.50 320.76 321.40 322.18 322.93 324.00 324.97 325.84 326.50 327.22 327.99 328.46 328.88 328.78 328.58 328.08 327.32 326.49 325.28 323.85 322.07 319.96 317.76 315.59 313.30 310.85 308.53 306.07 303.88 301.81 299.93 298.28 296.70 295.25 293.84 292.51 291.53 290.34 289.59 288.91 288.10 287.43 286.74 286.25 285.75 285.04 284.54 283.89 283.61 283.02 282.44 281.84 281.09
334.01 333.20 332.34 331.60 330.74 329.96 329.04 328.33 327.60 326.94 326.28 325.70 325.15 324.43 323.86 323.48 323.46 323.29 322.98 322.88 322.85 322.92 323.06 323.27 323.46 324.05 324.70 325.41 326.24 327.16 327.95 328.59 329.10 329.72 330.31 330.52 330.63 330.14 329.77 328.89 327.97 326.81 325.70 324.07 322.21 320.47 318.19 316.14 314.10 311.72 309.70 307.57 305.79 303.88 302.33 300.49 299.19 297.73 296.67 295.60 294.72 293.68 292.68 291.81 291.23 290.54 289.70 289.06 288.57 287.95 287.25 286.76 286.18 285.63 284.85 284.14
336.09 335.40 334.72 333.81 333.10 332.19 331.46 330.61 330.02 329.39 328.82 328.18 327.67 327.20 326.60 326.14 325.91 325.92 325.78 325.54 325.33 325.51 325.58 325.86 326.08 326.68 327.16 327.91 328.57 329.25 329.93 330.58 331.09 331.59 331.88 332.09 332.19 331.82 331.52 330.71 329.78 328.73 327.38 326.14 324.46 322.65 320.90 318.96 316.88 315.01 312.76 311.04 309.09 307.81 305.96 304.48 303.09 301.72 300.51 299.13 298.19 297.57 296.72 295.67 294.84 294.06 293.37 292.70 291.99 291.45 290.48 289.94 289.34 288.73 288.15 287.35
338.12 337.47 336.83 336.18 335.33 334.59 333.78 333.02 332.31 331.65 331.12 330.63 330.16 329.70 329.25 328.75 328.55 328.33 328.29 328.21 328.02 328.04 328.23 328.49 328.70 329.24 329.86 330.33 330.88 331.42 332.01 332.55 333.02 333.40 333.69 333.87 333.89 333.64 333.11 332.56 331.40 330.54 329.37 328.00 326.60 325.13 323.51 321.73 319.98 317.92 315.93 314.13 312.53 310.97 309.63 308.22 306.61 305.56 304.37 303.28 302.14 301.03 300.20 299.30 298.71 297.82 297.00 296.17 295.42 294.80 294.21 293.58 292.85 292.08 291.15 290.64
340.24 339.54 338.89 338.30 337.63 336.82 336.20 335.33 334.60 333.99 333.52 333.00 332.51 332.02 331.80 331.36 330.99 330.80 330.73 330.69 330.58 330.50 330.48 330.84 331.08 331.77 332.37 332.90 333.33 333.72 334.10 334.41 334.83 335.02 335.26 335.44 335.19 335.08 334.76 334.21 333.32 332.37 331.34 330.02 328.77 327.41 325.98 324.24 322.62 320.78 319.14 317.18 315.58 314.08 312.77 311.29 310.20 309.05 307.92 306.61 305.66 304.87 303.65 302.86 301.99 301.16 300.48 299.66 298.81 298.16 297.45 296.60 296.08 295.41 294.93 293.77
342.41 341.62 340.96 340.51 339.80 339.20 338.37 337.74 337.01 336.25 335.72 335.26 334.84 334.33 334.00 333.77 333.51 333.25 332.97 332.96 332.96 332.99 332.91 333.14 333.24 333.95 334.39 335.15 335.58 335.91 336.23 336.29 336.70 336.72 336.96 336.97 336.98 336.52 336.34 335.69 335.02 334.27 333.35 332.24 330.86 329.61 328.11 326.78 325.18 323.56 322.08 320.38 318.74 317.21 315.85 314.70 313.28 312.27 311.05 310.05 308.89 308.01 307.24 306.24 305.50 304.81 303.76 303.08 302.24 301.47 300.57 299.96 299.29 298.48 297.86 297.06
344.51 343.74 343.15 342.44 341.94 341.33 340.71 340.05 339.30 338.68 338.10 337.56 337.11 336.72 336.23 336.00 335.86 335.58 335.48 335.25 335.23 335.12 335.18 335.28 335.56 336.04 336.52 337.23 337.62 338.03 338.11 338.33 338.49 338.60 338.65 338.54 338.36 338.17 337.79 337.27 336.75 336.07 335.18 334.18 333.05 331.79 330.66 329.14 327.70 326.24 324.65 323.12 321.75 320.22 319.24 317.54 316.66 315.51 314.18 313.32 312.19 311.35 310.37 309.73 308.63 307.97 307.18 306.44 305.82 304.67 304.33 303.26 302.82 301.95 301.40 300.56
346.50 345.85 345.16 344.52 343.94 343.42 342.81 342.23 341.60 340.91 340.33 339.78 339.33 338.95 338.65 338.22 338.02 337.95 337.72 337.45 337.35 337.35 337.35 337.56 337.56 337.93 338.45 338.90 339.55 339.93 340.15 340.32 340.32 340.34 340.42 340.23 340.07 339.69 339.28 338.79 338.10 337.58 336.92 336.19 334.99 334.05 332.77 331.51 330.20 328.78 327.20 325.81 324.62 323.38 322.04 320.89 319.78 318.68 317.37 316.59 315.32 314.52 313.71 312.69 312.05 311.19 310.56 309.73 308.95 308.30 307.40 307.04 306.13 305.54 304.62 304.01
348.56 347.87 347.23 346.57 345.95 345.46 344.83 344.33 343.62 343.08 342.50 341.98 341.42 341.00 340.69 340.35 340.11 339.97 339.84 339.65 339.38 339.34 339.27 339.53 339.69 340.10 340.47 340.81 341.14 341.46 341.79 341.94 342.14 342.15 342.00 341.89 341.63 341.54 340.92 340.34 339.68 339.12 338.60 337.77 337.08 336.12 335.04 333.87 332.78 331.34 329.91 328.52 327.31 326.24 324.97 323.69 322.50 321.43 320.70 319.60 318.72 317.84 316.87 316.10 315.30 314.35 313.53 312.89 312.29 311.50 310.96 310.16 309.60 308.69 308.22 307.49
0.00 0.00 0.00 0.00 0.00 0.00 0.00 0.00 0.00 0.00 0.00 0.00 0.00 0.00 0.00 0.00 0.00 0.00 0.00 0.00 0.00 0.00 0.00 0.00 0.00 0.00 0.00 0.00 0.00 0.00 0.00 0.00 0.00 0.00 0.00 0.00 0.00 0.00 0.00 0.00 0.00 0.00 0.00 0.00 0.00 0.00 0.00 0.00 0.00 0.00 0.00 0.00 0.00 0.00 0.00 0.00 0.00 0.00 0.00 0.00 0.00 0.00 0.00 0.00 0.00 0.00 0.00 0.00 0.00 0.00 0.00 0.00 0.00 0.00 0.00 0.00
0.00 0.00 0.00 0.00 0.00 0.00 0.00 0.00 0.00 0.00 0.00 0.00 0.00 0.00 0.00 0.00 0.00 0.00 0.00 0.00 0.00 0.00 0.00 0.00 0.00 0.00 0.00 0.00 0.00 0.00 0.00 0.00 0.00 0.00 0.00 0.00 0.00 0.00 0.00 0.00 0.00 0.00 0.00 0.00 0.00 0.00 0.00 0.00 0.00 0.00 0.00 0.00 0.00 0.00 0.00 0.00 0.00 0.00 0.00 0.00 0.00 0.00 0.00 0.00 0.00 0.00 0.00 0.00 0.00 0.00 0.00 0.00 0.00 0.00 0.00 0.00
0.00 0.00 0.00 0.00 0.00 0.00 0.00 0.00 0.00 0.00 0.00 0.00 0.00 0.00 0.00 0.00 0.00 0.00 0.00 0.00 0.00 0.00 0.00 0.00 0.00 0.00 0.00 0.00 0.00 0.00 0.00 0.00 0.00 0.00 0.00 0.00 0.00 0.00 0.00 0.00 0.00 0.00 0.00 0.00 0.00 0.00 0.00 0.00 0.00 0.00 0.00 0.00 0.00 0.00 0.00 0.00 0.00 0.00 0.00 0.00 0.00 0.00 0.00 0.00 0.00 0.00 0.00 0.00 0.00 0.00 0.00 0.00 0.00 0.00 0.00 0.00
