raw_data/climate/mean_summer_rainfall.txt
ncols 886
nrows 691
xllcenter 112.0000
yllcenter -44.5000
cellsize 0.0500
nodata_value 99999.90
[rows 198 to 230 of 691, columns 525 to 599 of 886]
286.72 288.74 291.45 295.08 299.46 304.63 308.39 310.61 311.84 313.65 316.15 319.05 323.82 327.95 331.10 337.62 344.19 349.07 351.27 349.37 348.28 358.17 360.44 366.20 374.78 378.47 376.51 384.28 389.33 383.40 381.94 395.70 395.58 393.63 399.36 400.15 405.03 398.59 396.46 397.44 391.68 383.14 377.87 375.40 371.33 371.83 372.40 372.99 373.80 374.67 375.45 375.22 373.98 372.36 371.20 369.20 367.29 366.25 364.48 363.59 366.12 369.16 372.54 376.42 379.78 385.36 390.43 390.91 389.25 386.91 385.21 382.61 379.95 376.53 373.37
283.92 286.63 289.53 293.14 297.65 302.08 307.23 307.94 308.09 308.23 310.01 313.18 319.07 323.51 326.44 332.18 339.00 344.99 350.04 349.63 349.91 358.23 358.96 364.91 378.62 379.68 373.75 370.02 377.88 373.65 378.07 391.90 388.34 394.38 395.44 399.69 398.36 391.33 388.52 389.00 383.60 374.97 369.38 365.69 364.86 366.88 368.91 371.07 373.41 374.89 375.77 375.30 373.37 371.73 370.10 367.59 365.37 363.85 362.04 359.98 362.01 364.34 367.91 371.36 374.67 377.79 380.81 382.85 382.21 380.29 378.99 376.76 374.33 371.84 368.04
282.05 284.64 286.86 289.78 293.36 296.77 303.12 304.34 304.73 304.80 304.94 307.41 312.39 316.14 320.80 328.56 336.01 340.01 340.01 343.87 348.36 356.94 358.34 363.07 371.54 374.22 369.68 364.27 368.48 365.75 372.44 377.34 375.78 389.64 393.10 389.55 388.98 385.15 381.29 380.93 374.14 364.36 357.69 354.79 357.54 361.39 365.62 369.93 374.71 375.72 376.46 375.81 372.26 370.80 367.63 365.09 363.23 359.98 357.07 355.18 356.38 358.72 361.32 364.92 368.17 370.72 372.74 373.28 373.55 372.86 371.13 368.80 366.36 364.27 360.44
279.20 281.37 283.70 286.39 290.05 292.44 296.07 297.40 299.73 300.85 300.48 301.74 306.50 313.04 318.13 325.38 331.64 335.62 339.13 341.90 344.30 355.30 357.00 367.47 368.11 373.78 361.72 364.20 366.91 366.55 364.27 366.01 367.45 372.91 381.57 380.60 382.83 378.14 373.87 371.49 364.95 354.23 344.39 343.92 349.80 356.29 362.54 368.96 375.57 377.13 377.08 374.26 370.90 367.78 364.49 362.04 358.22 355.73 351.60 349.95 349.96 351.07 353.87 357.69 360.60 362.97 364.43 364.43 363.80 363.78 362.84 360.47 358.35 356.05 352.27
275.89 278.04 280.63 283.89 287.41 289.52 291.20 292.66 295.62 296.71 296.18 296.56 302.41 308.96 313.58 321.06 324.86 332.00 338.24 345.27 346.44 356.84 357.74 367.48 365.28 366.51 361.28 366.17 362.89 356.99 357.67 360.50 365.20 368.35 374.35 373.69 376.80 370.29 366.80 364.42 358.89 346.40 336.24 337.28 345.22 353.07 360.98 369.09 376.55 379.44 377.58 373.88 369.34 364.92 361.82 358.48 354.40 351.34 346.55 344.64 343.53 343.42 345.90 350.67 353.92 355.66 356.61 356.62 356.04 354.30 353.54 351.79 349.91 347.86 344.61
273.02 274.20 276.36 279.84 281.95 285.14 287.03 286.19 289.72 292.36 290.61 292.56 296.22 301.94 310.16 314.94 320.02 326.65 334.78 345.84 345.47 356.99 357.77 360.86 365.38 367.57 353.24 352.82 352.50 350.80 353.81 359.72 361.68 364.89 367.08 369.12 367.64 364.30 361.99 363.48 353.66 344.38 338.97 339.34 345.00 351.51 359.94 367.31 375.26 379.09 374.93 370.67 366.70 362.83 359.36 353.63 350.09 345.59 341.56 339.37 338.47 338.70 339.83 343.17 346.10 347.59 347.84 348.01 348.31 348.85 344.88 342.46 341.02 339.85 336.90
269.32 270.68 272.51 275.66 278.97 279.92 280.57 281.16 285.28 286.73 285.35 288.39 292.38 297.48 305.11 309.18 314.41 321.62 327.82 337.63 344.67 354.84 359.86 358.96 363.05 364.09 351.62 349.71 349.17 347.02 349.18 357.30 356.98 359.91 359.35 365.66 360.71 360.14 363.43 358.04 350.63 346.12 343.24 343.13 345.65 350.01 356.13 362.59 368.37 371.09 368.38 366.43 362.27 359.54 354.99 348.97 344.78 340.57 336.99 334.84 334.33 334.99 336.63 336.12 337.13 338.10 338.54 338.99 339.79 340.77 339.13 335.48 333.09 331.31 328.78
265.54 266.93 268.47 270.55 272.95 273.93 274.76 277.57 281.83 280.81 282.56 285.58 289.24 295.03 299.31 304.14 310.99 317.66 325.07 333.72 341.74 350.30 359.71 357.06 360.56 362.15 349.83 347.65 352.54 347.75 347.85 354.00 357.43 353.17 363.64 364.97 360.41 356.91 361.01 357.82 353.19 347.67 344.94 344.67 345.08 347.63 351.75 356.37 360.62 361.65 361.99 360.12 357.78 354.49 350.10 345.64 340.01 336.28 332.33 330.66 330.13 330.47 331.60 330.87 329.58 329.39 330.07 331.25 332.52 333.63 334.74 331.71 328.33 325.51 322.14
262.00 263.07 264.26 265.78 267.42 268.72 270.08 272.23 275.27 276.71 282.80 287.28 287.55 291.36 297.13 302.18 306.60 313.13 322.76 334.15 343.25 346.97 354.06 351.12 355.41 351.00 343.27 346.03 348.21 341.24 341.81 345.16 348.15 349.34 365.07 357.36 356.89 358.05 357.92 355.98 353.59 351.54 346.44 344.69 344.04 344.29 345.84 349.05 351.94 353.18 354.36 352.60 351.96 348.52 345.10 340.21 334.51 330.50 327.92 326.11 325.51 325.65 325.82 325.13 322.27 321.07 321.76 323.38 325.25 327.49 328.94 327.97 323.74 321.20 318.65
258.39 259.42 260.76 262.08 264.62 267.43 270.09 272.14 271.58 272.67 277.70 285.01 286.56 287.48 291.74 297.99 303.40 308.70 315.47 327.14 332.44 335.99 342.75 341.18 345.47 336.84 337.08 341.13 345.10 341.47 334.04 339.40 348.74 351.48 359.72 357.38 355.57 353.84 353.92 357.29 353.60 350.53 346.31 345.21 342.76 340.62 339.43 340.75 342.85 345.14 345.90 345.80 344.50 341.22 338.09 333.75 328.44 325.55 323.33 321.64 320.40 320.79 320.16 318.08 313.89 311.64 313.77 316.33 319.08 321.29 322.21 322.36 320.52 318.32 315.65
255.37 255.87 257.63 259.79 261.81 262.01 263.59 265.96 270.10 272.71 273.37 279.30 284.83 284.33 288.50 292.23 297.55 301.87 309.25 315.85 320.68 328.72 334.07 340.31 333.60 337.81 341.83 340.89 334.62 337.70 332.78 334.30 353.36 358.21 354.81 351.74 352.32 350.56 353.07 354.89 353.42 352.68 347.15 343.91 340.51 336.80 333.89 334.11 335.24 338.25 339.05 338.35 336.89 333.99 331.07 327.11 322.78 320.76 318.20 316.72 315.52 314.60 313.95 311.92 303.84 301.62 306.43 310.45 313.41 316.21 318.11 319.25 318.38 316.19 314.23
252.50 253.55 253.96 255.65 256.96 257.94 259.80 262.33 264.34 268.46 271.52 273.89 277.45 279.31 283.16 287.94 291.87 296.68 302.49 306.69 314.56 322.20 329.65 335.76 332.83 336.16 338.43 334.45 329.32 339.10 328.34 331.78 347.93 364.23 359.75 348.20 349.67 355.88 353.30 356.62 356.59 353.30 349.10 344.70 339.64 333.48 328.93 326.29 329.46 332.35 332.81 332.03 329.80 327.16 324.63 320.47 317.71 315.84 313.31 311.36 310.01 309.29 307.06 301.93 291.73 293.47 300.62 305.83 309.34 312.61 314.74 315.63 316.25 314.52 312.88
248.41 250.03 251.20 252.76 253.87 254.36 257.72 263.17 263.50 268.74 269.80 269.69 270.37 273.38 276.59 280.71 284.95 294.74 301.72 301.44 307.16 313.83 321.69 331.75 327.93 329.56 329.32 328.23 332.28 326.98 319.08 332.33 353.11 348.22 346.47 342.77 347.70 370.23 355.77 357.29 355.83 355.11 352.67 345.78 338.99 333.00 328.16 324.77 327.17 327.56 326.99 326.23 324.83 322.03 318.63 315.85 312.93 310.95 308.68 306.24 304.17 302.50 299.97 295.64 290.48 291.66 297.65 303.39 306.62 310.41 312.78 313.77 314.27 313.07 311.19
244.39 245.49 247.19 248.39 249.58 249.74 254.80 255.60 256.79 260.16 260.58 262.19 264.27 268.75 272.23 275.22 280.72 289.23 296.80 298.80 303.35 308.24 312.40 321.52 322.40 314.19 313.91 312.32 319.89 317.76 315.30 326.44 341.72 348.14 348.71 349.63 349.64 351.44 349.81 352.73 350.83 351.40 351.80 345.82 340.58 336.13 329.14 327.26 325.52 323.36 321.54 320.49 318.85 316.25 314.28 311.07 309.06 306.74 303.56 301.00 298.27 296.41 294.13 292.22 290.44 291.02 296.36 302.52 305.28 308.82 311.99 312.66 313.39 311.80 309.49
239.64 240.63 242.21 244.16 244.18 244.65 246.12 248.03 250.21 252.73 255.36 257.50 258.89 265.09 269.43 271.61 276.29 283.09 290.20 291.50 295.18 300.45 304.13 309.70 313.07 304.10 305.01 310.73 305.33 306.60 312.08 321.26 338.31 349.80 351.34 346.50 342.82 348.51 352.57 350.80 347.66 351.62 348.65 345.69 341.67 334.28 333.07 329.56 326.41 323.42 320.51 318.11 315.38 313.28 310.41 308.26 305.01 302.03 299.54 296.64 292.95 290.81 289.26 287.85 288.21 289.80 294.33 300.13 304.03 307.06 310.62 311.31 310.47 309.03 306.81
235.44 236.08 236.81 238.14 239.91 240.36 241.77 243.42 245.38 247.74 251.25 251.40 253.79 257.41 262.23 265.90 270.59 274.47 282.24 280.80 285.29 291.16 297.02 298.65 299.73 298.48 308.55 308.21 306.69 306.79 311.65 319.98 338.61 344.57 339.21 339.01 341.22 350.45 351.14 342.52 349.73 348.13 347.11 346.01 341.75 336.96 337.40 332.71 331.76 326.29 320.26 316.69 313.34 310.90 307.83 305.97 301.38 297.72 295.15 292.35 288.88 286.68 284.42 283.30 284.22 287.62 290.44 296.24 301.06 305.97 308.90 309.67 307.54 305.68 303.73
231.06 231.88 232.70 233.67 234.36 235.41 236.88 238.56 240.61 242.04 244.54 246.05 248.52 251.55 255.20 257.91 262.08 266.39 270.71 275.13 282.76 286.30 290.66 290.83 294.80 294.06 304.32 302.37 297.36 304.38 311.44 314.79 332.80 348.35 342.17 341.21 350.22 344.62 342.37 345.15 349.96 348.96 345.26 342.76 340.68 337.84 338.75 334.79 330.39 324.05 319.06 314.23 310.13 307.36 304.42 301.55 297.24 294.42 291.00 287.96 284.33 281.55 279.27 278.25 278.77 282.69 285.66 291.20 296.69 301.93 305.20 304.00 303.54 302.17 299.63
226.13 226.76 227.87 227.74 228.64 230.20 231.52 232.89 234.57 236.30 238.31 240.92 243.70 246.39 249.55 252.78 257.27 262.43 266.83 274.90 279.42 281.30 283.42 288.07 290.25 285.64 294.09 301.57 293.66 304.08 306.90 314.29 326.41 337.36 345.49 340.80 354.02 334.22 334.93 341.51 347.15 346.78 343.24 338.17 336.49 334.13 335.74 334.32 329.98 322.87 316.68 311.47 308.03 304.29 301.13 296.83 294.10 291.39 287.61 284.74 279.82 276.13 273.65 272.39 273.40 276.38 280.21 284.47 290.26 295.08 299.16 298.83 297.56 297.07 295.35
221.89 222.37 222.08 222.53 223.79 225.06 226.19 227.86 229.32 231.16 233.48 235.63 238.51 241.21 244.48 247.43 251.16 255.37 258.69 265.13 270.30 272.92 280.27 284.05 283.31 281.12 292.77 296.62 295.81 305.62 306.03 307.32 330.35 344.88 340.25 331.23 341.59 329.66 340.49 352.17 346.97 351.30 344.22 337.15 335.26 329.54 331.34 334.13 331.18 320.89 313.75 308.80 304.45 300.74 297.96 293.37 291.14 287.71 283.83 280.64 276.25 272.29 268.50 266.61 267.71 270.68 275.28 278.95 283.26 287.55 291.36 293.70 292.41 291.87 290.59
216.35 216.97 217.39 217.54 218.62 219.76 221.28 222.55 224.42 226.22 228.14 229.88 232.38 235.35 238.44 241.31 245.21 250.94 254.65 260.13 263.27 268.39 273.91 281.26 278.40 276.44 281.78 292.32 295.81 299.31 299.93 308.28 324.41 324.50 324.43 321.50 322.66 327.73 342.14 341.76 335.99 330.12 335.34 332.87 327.33 324.07 325.15 326.37 325.45 315.98 309.18 305.16 300.70 297.87 293.24 290.21 288.01 284.68 280.85 276.92 272.45 268.33 264.30 262.05 262.57 266.03 270.39 274.49 278.33 283.42 285.77 288.45 288.15 287.18 285.75
211.46 211.28 211.49 212.66 213.27 214.97 216.11 217.65 218.99 220.41 222.45 224.95 227.38 229.90 232.67 235.76 239.30 242.78 247.05 253.81 260.71 264.96 268.29 278.81 274.23 274.67 277.29 287.03 297.98 297.33 298.71 302.96 320.25 327.93 326.86 320.32 329.01 325.40 331.87 330.17 330.11 325.41 325.30 321.30 318.70 321.27 324.97 321.21 323.78 315.82 308.22 302.31 297.52 294.71 290.96 287.65 284.40 281.15 276.81 272.42 267.99 264.62 261.02 259.57 260.14 263.04 267.06 270.50 274.11 278.80 281.84 283.65 284.82 283.66 281.78
206.34 205.63 206.02 207.23 208.15 209.32 210.98 212.29 213.88 215.90 217.77 219.67 221.81 223.94 226.69 230.17 233.00 237.86 243.58 246.75 252.42 258.03 262.24 265.90 272.29 278.10 275.00 284.82 291.00 299.64 294.36 304.71 318.40 327.08 321.87 316.35 318.93 320.02 319.78 318.58 317.73 321.28 322.31 322.22 318.32 318.94 325.55 324.04 318.47 320.05 308.00 298.94 294.57 292.22 287.13 284.15 280.56 276.56 272.83 268.94 264.23 261.02 258.40 257.50 258.23 260.34 264.34 267.69 270.96 274.46 278.19 279.16 280.34 280.02 279.15
200.85 200.40 200.76 201.58 202.32 203.86 205.62 207.12 208.68 210.67 211.99 213.76 215.64 217.41 220.35 223.33 226.21 231.63 236.68 240.66 245.32 250.69 256.61 257.33 265.48 273.55 275.92 280.96 287.60 292.67 290.94 303.29 303.54 310.12 305.18 302.90 303.68 312.26 309.58 308.09 308.75 309.23 317.72 317.24 312.40 308.09 311.00 317.24 324.04 320.72 305.04 294.36 290.47 286.79 284.15 279.90 276.52 272.05 267.99 264.94 260.87 257.60 256.01 255.24 255.95 257.92 260.17 263.94 267.63 271.65 274.61 277.22 276.60 276.47 276.41
196.20 196.07 195.61 196.08 197.31 198.97 200.54 202.01 203.49 204.85 206.31 208.26 209.80 211.53 213.84 216.23 219.48 223.78 228.75 233.71 237.45 242.13 247.73 250.80 258.17 270.33 275.78 279.96 283.04 292.72 297.89 302.35 295.31 302.46 303.96 301.22 296.96 299.11 299.15 300.17 299.63 299.77 304.69 307.30 302.25 310.58 304.50 310.94 321.94 323.47 312.66 295.60 286.79 282.25 279.16 275.79 271.76 268.58 264.41 260.81 257.24 255.01 253.55 253.14 253.98 256.13 257.55 260.19 264.14 267.84 270.94 273.76 272.92 272.32 271.90
191.31 190.92 190.68 191.95 192.84 194.07 195.61 197.02 198.40 199.72 201.19 203.10 204.73 206.17 208.05 210.30 213.63 217.83 223.49 227.36 230.99 236.40 241.96 250.10 262.68 276.03 281.02 282.39 277.96 289.90 301.10 299.32 297.89 303.78 300.66 299.13 296.65 290.68 291.69 291.05 292.80 293.05 294.74 295.14 302.06 306.43 303.67 309.10 314.54 310.86 303.76 292.25 282.68 278.46 273.81 270.53 266.63 262.89 259.24 256.43 254.09 252.07 250.74 251.09 251.21 253.15 254.99 257.22 260.15 263.78 267.01 269.28 269.83 267.95 266.81
185.34 185.32 187.07 188.05 188.71 189.71 190.93 192.36 194.06 195.52 197.01 199.07 200.69 202.04 203.70 205.97 208.92 212.68 217.23 221.68 226.45 232.68 239.67 246.26 259.28 267.75 272.90 279.90 273.98 280.37 291.23 291.93 289.00 290.15 288.51 287.74 287.49 288.14 287.79 285.41 284.40 286.89 291.90 296.56 300.83 303.03 306.06 306.17 314.94 313.52 301.95 291.26 280.81 273.23 267.81 264.42 261.19 257.93 255.26 252.91 250.72 248.75 247.89 248.10 248.38 249.98 251.66 253.36 256.62 259.70 261.66 263.41 266.00 264.68 262.41
180.13 181.19 182.93 184.12 184.78 185.79 187.46 188.91 190.53 192.02 193.48 195.68 197.11 198.15 199.46 201.14 203.51 207.68 212.61 217.81 223.45 230.07 236.09 243.50 253.44 263.30 269.36 269.93 270.21 270.55 280.20 286.57 284.05 283.70 283.17 279.15 280.16 279.45 280.44 279.88 279.47 280.65 287.30 290.37 291.93 294.05 300.13 304.24 313.59 304.79 295.37 283.49 277.50 268.77 262.93 260.46 257.67 254.16 251.78 249.67 246.76 245.29 245.36 245.48 245.65 245.92 247.46 249.38 251.95 254.58 256.29 258.10 260.56 260.83 258.04
176.29 176.99 178.85 180.75 181.32 182.76 184.58 185.96 187.38 188.67 190.34 192.20 193.68 194.83 196.04 197.57 199.82 203.91 208.88 215.57 221.02 227.36 233.74 242.47 254.99 266.77 276.21 270.19 266.81 265.72 273.55 279.48 279.20 281.00 276.32 281.11 277.00 276.41 275.09 274.05 273.42 276.68 283.84 289.83 289.74 291.50 296.45 300.85 309.61 300.64 288.43 273.74 273.15 264.80 259.99 256.44 252.41 249.85 247.05 244.24 242.61 241.64 242.18 242.66 242.53 242.16 242.84 244.42 246.71 249.76 250.60 252.36 254.52 255.09 253.24
174.06 173.92 175.59 177.00 179.25 181.56 182.31 183.61 184.87 186.38 187.94 189.73 190.96 192.44 193.72 195.60 198.25 201.07 206.04 213.65 217.87 223.60 234.89 246.83 256.24 267.44 272.13 268.90 265.25 263.78 266.21 271.86 269.60 269.83 271.18 271.40 274.37 273.59 270.46 269.48 269.40 271.73 273.54 280.42 281.30 283.62 289.95 296.00 306.82 305.79 290.62 272.27 267.69 259.37 254.18 250.65 248.36 244.16 241.93 239.94 238.48 238.68 238.24 238.75 238.56 237.59 238.72 239.27 241.31 243.18 244.53 245.95 247.24 248.13 247.04
173.39 172.81 174.18 175.87 178.71 180.36 180.62 181.66 182.97 184.64 186.05 187.63 189.00 190.66 192.17 194.17 196.65 200.06 205.42 210.14 216.60 222.25 235.45 250.78 252.01 259.60 267.33 263.35 260.11 263.77 261.63 267.42 267.64 265.19 263.31 263.57 267.48 269.73 266.28 263.93 265.00 270.50 272.23 271.50 271.80 275.54 278.38 289.83 303.19 296.50 291.37 272.89 260.17 253.38 249.12 246.38 242.83 239.82 238.01 235.91 235.14 234.93 234.87 234.66 233.62 232.69 233.65 233.92 235.55 236.86 237.83 239.20 239.88 240.79 240.81
173.90 173.42 175.08 177.08 178.67 179.69 179.32 180.08 181.24 182.76 184.09 185.50 186.94 188.63 190.20 192.24 195.24 199.13 202.29 208.35 214.62 221.08 231.06 241.62 243.12 254.45 261.36 257.30 256.84 259.54 259.99 259.77 264.52 263.80 262.81 262.64 257.66 261.15 262.35 258.20 260.81 264.49 270.74 270.12 269.94 268.48 271.35 277.69 286.63 285.13 283.78 272.63 254.14 248.56 244.27 241.42 238.30 235.80 233.89 232.05 231.64 231.82 232.43 231.05 230.32 229.64 228.97 229.01 230.02 231.54 232.26 232.93 233.23 234.44 234.94
174.79 174.91 176.41 177.92 178.82 178.24 178.15 178.83 179.66 180.82 182.29 182.98 184.44 186.07 187.84 190.42 193.46 197.24 201.28 208.23 215.55 222.10 227.74 237.77 242.02 252.53 265.07 257.32 255.66 254.06 253.88 254.45 253.46 255.19 256.65 256.41 255.84 250.39 254.52 253.50 259.01 261.99 264.93 271.94 267.12 265.00 269.88 273.60 274.23 278.34 280.47 275.20 252.85 246.72 239.27 236.54 234.08 232.37 229.76 228.94 228.92 227.85 228.08 228.59 227.33 226.38 225.11 225.58 225.95 226.06 227.43 227.27 227.56 228.88 230.07
176.12 177.74 179.72 179.48 179.48 179.14 177.74 177.71 178.41 179.25 180.16 181.36 182.85 184.51 186.67 189.44 192.27 195.59 199.96 208.42 213.56 222.18 233.45 241.48 250.21 253.71 261.47 255.32 250.08 252.07 250.09 252.31 246.39 244.81 245.35 245.34 249.55 245.42 244.13 246.25 251.02 255.09 258.06 264.71 265.37 265.33 265.35 272.50 274.45 277.95 282.74 281.47 262.46 241.14 235.66 233.12 230.96 228.46 226.90 226.89 227.26 225.91 225.19 225.11 225.51 223.29 222.30 222.20 223.12 222.18 223.60 223.04 223.05 224.70 226.23
