raw_data/climate/mean_winter_rainfall.asc
ncols 886
nrows 691
xllcenter 112.0000
yllcenter -44.5000
cellsize 0.0500
nodata_value 99999.90
[rows 272 to 305 of 691, columns 76 to 151 of 886]
51.77 51.82 52.05 52.66 53.66 53.34 53.19 52.79 52.65 52.28 52.23 52.14 52.27 51.67 50.72 49.30 48.43 49.05 49.45 48.64 48.07 47.96 48.28 47.33 46.36 45.34 45.09 44.71 44.26 43.80 43.72 43.47 43.11 42.83 42.65 42.52 42.32 42.23 42.04 41.94 41.87 41.90 41.52 41.35 41.13 40.86 40.63 40.13 40.45 41.63 40.13 38.84 38.29 38.00 37.94 36.94 36.21 35.74 35.44 35.22 35.04 34.86 34.55 34.16 33.75 33.71 33.79 34.09 33.93 34.12 34.56 34.54 34.76 34.95 34.96 35.07
52.41 52.11 52.30 52.42 52.61 53.14 52.69 52.23 52.09 52.10 51.76 52.05 52.37 51.62 50.71 49.81 48.80 48.66 48.92 49.28 49.32 48.57 48.01 48.08 48.04 46.40 46.28 45.43 44.90 44.52 44.08 43.81 43.50 43.27 43.02 42.82 42.58 42.34 42.24 41.99 41.98 41.75 41.55 41.36 41.08 40.80 40.40 40.09 39.88 40.58 40.99 39.77 38.87 38.08 37.57 37.72 36.85 36.20 35.71 35.31 34.84 34.57 34.21 33.81 33.62 33.98 34.03 34.80 34.13 34.16 34.33 34.07 34.48 34.59 34.73 34.71
53.16 52.80 52.58 52.43 52.16 52.03 51.88 51.96 51.67 51.92 52.73 51.94 51.90 51.85 50.90 50.08 49.61 49.22 48.88 49.16 49.28 48.91 48.79 48.46 48.08 47.45 47.64 47.18 46.22 45.74 44.86 44.42 44.22 43.90 43.72 43.68 43.11 42.70 42.37 42.14 41.97 41.82 41.80 41.95 41.80 41.54 40.88 40.33 39.99 39.69 39.59 39.67 39.52 38.58 38.13 37.40 36.78 36.31 35.99 35.11 34.74 34.36 34.02 33.72 34.05 34.59 33.80 33.62 34.41 34.43 33.78 33.66 33.86 34.16 34.33 34.14
53.53 53.13 52.86 52.35 52.02 51.75 51.63 51.47 51.42 51.83 51.96 51.84 51.80 51.92 51.97 51.49 50.61 49.93 50.44 50.30 49.89 49.76 49.23 49.31 49.03 47.79 47.56 47.72 47.67 47.26 46.03 45.50 45.10 45.31 44.68 44.32 43.85 43.48 42.99 42.46 42.20 42.08 42.09 42.00 42.12 41.95 41.54 41.08 40.68 40.06 39.58 39.57 40.63 39.59 38.92 38.30 37.23 36.34 35.61 35.17 34.78 34.30 33.96 33.81 34.20 34.02 33.43 33.13 33.68 33.68 33.64 33.27 33.52 33.75 33.94 33.87
53.70 53.17 52.95 52.40 52.14 51.88 51.62 51.50 51.41 51.54 51.49 51.63 52.20 52.18 52.47 51.92 51.35 50.89 52.19 51.43 51.10 51.49 50.73 50.40 49.55 48.52 48.19 47.73 47.51 47.19 46.96 47.26 46.81 46.11 45.81 46.08 45.46 45.76 43.86 43.05 42.48 42.43 43.32 42.72 42.17 42.24 42.03 41.80 41.44 40.73 40.17 39.68 40.02 40.53 39.29 38.13 37.36 36.61 35.70 35.15 34.76 34.35 34.01 33.89 34.13 33.46 33.24 32.95 32.94 33.00 32.96 33.28 33.82 33.42 33.28 33.41
54.06 53.46 53.11 52.59 52.38 52.06 51.69 51.58 51.51 51.58 51.66 51.61 52.06 52.06 52.18 52.14 51.88 51.69 52.02 52.47 51.66 51.20 50.98 50.58 50.64 49.82 49.13 48.95 47.94 47.52 47.09 47.20 47.07 46.97 46.70 46.69 45.72 45.12 44.74 43.75 43.03 42.77 43.48 44.17 42.99 42.93 42.82 42.66 42.34 41.61 41.28 40.66 40.28 41.05 39.93 38.43 37.92 36.97 35.85 35.29 34.86 34.53 34.45 34.46 33.84 33.14 32.90 32.65 32.57 32.67 32.90 33.09 33.14 32.90 32.87 32.75
54.37 53.87 53.35 52.98 52.58 52.17 51.86 51.64 51.63 51.59 51.73 51.80 51.83 52.22 52.05 51.91 52.05 52.15 52.04 52.02 52.40 51.68 50.79 50.49 50.41 50.80 50.64 50.17 49.43 49.03 48.48 47.43 47.29 46.80 46.37 46.39 45.82 45.07 44.49 43.99 43.60 43.13 43.10 43.48 43.95 44.00 44.81 44.12 43.84 43.28 42.44 42.71 41.99 41.06 39.42 38.48 38.20 36.90 36.02 35.51 35.25 35.19 35.20 34.41 33.64 33.04 32.74 32.57 32.57 32.60 32.82 32.58 32.50 32.49 32.36 32.31
54.98 54.33 53.85 53.32 52.89 52.44 52.14 51.83 51.71 51.63 51.93 52.17 52.10 52.55 52.41 52.32 52.33 52.16 52.06 51.82 51.81 51.60 51.21 51.12 50.78 50.91 51.08 50.71 50.59 49.30 48.64 48.21 47.60 46.97 46.57 46.11 45.74 45.42 45.30 45.88 44.69 43.72 43.37 43.30 43.63 43.92 44.05 44.02 43.97 43.97 43.59 42.65 41.91 40.63 39.16 38.34 37.60 36.86 36.65 36.13 35.78 35.83 35.09 33.98 33.43 32.92 32.80 32.67 32.59 32.55 32.55 32.23 32.30 32.22 32.13 32.19
55.49 54.93 54.26 53.67 53.23 52.90 52.52 52.35 52.10 52.05 52.26 52.43 52.61 52.75 52.93 52.70 52.42 52.42 52.44 52.01 51.67 51.35 51.22 51.12 51.37 51.17 51.10 50.66 50.81 49.61 48.91 48.43 48.09 47.77 47.40 46.50 46.01 45.54 45.21 45.07 45.01 44.22 44.56 43.90 43.98 43.95 43.86 43.73 43.41 43.28 42.69 42.04 41.12 40.00 38.87 38.32 37.86 37.68 37.10 36.24 35.49 35.11 34.33 33.69 33.23 33.04 32.89 32.66 32.56 32.72 32.32 32.10 32.10 32.08 32.25 32.34
55.70 55.24 54.89 54.41 53.89 53.58 53.26 52.98 52.74 52.95 53.38 53.09 53.32 53.49 53.38 53.44 52.86 52.66 52.36 52.01 51.78 51.61 51.29 51.15 51.05 50.91 50.94 50.99 50.88 50.31 49.64 49.21 48.79 48.55 48.15 47.26 46.84 46.12 45.69 45.37 45.15 44.96 44.84 44.48 44.29 44.32 44.53 44.38 44.46 44.36 43.46 42.30 41.89 40.80 39.26 38.88 38.05 37.77 36.97 35.97 35.34 34.48 33.96 33.50 33.29 33.21 33.25 32.66 32.41 32.30 32.18 32.16 32.21 32.22 32.29 32.46
55.95 55.53 55.14 54.88 54.60 54.31 54.00 53.81 53.75 53.82 54.29 54.52 54.50 54.38 54.23 53.88 53.60 53.26 52.82 52.44 52.13 51.76 51.47 51.19 51.42 51.39 51.42 51.39 51.55 51.16 51.04 50.50 49.85 49.66 48.64 48.11 47.62 46.80 46.08 46.01 46.57 46.62 45.77 45.53 45.72 44.78 44.78 44.65 44.40 43.99 43.46 42.63 41.65 40.64 39.68 38.92 38.06 37.25 36.56 35.76 35.09 34.58 33.96 33.45 33.10 32.84 32.76 32.55 32.45 32.50 32.51 32.48 32.51 32.51 32.46 32.57
56.16 55.86 55.53 55.27 55.25 55.23 54.95 54.93 55.03 55.07 55.25 55.76 56.06 55.99 55.42 54.77 54.30 53.91 53.30 52.85 52.40 51.95 51.81 51.24 51.30 51.72 51.81 51.95 52.03 51.90 52.17 51.38 50.38 50.25 50.16 50.40 49.17 47.83 47.37 47.29 46.95 46.75 46.46 46.52 46.38 45.95 46.48 46.35 45.67 45.19 44.69 43.47 42.25 41.15 40.24 39.22 38.31 37.39 36.53 35.82 35.18 34.52 34.10 33.86 33.70 33.32 32.97 32.94 32.82 32.76 32.89 32.75 32.83 32.98 32.89 32.87
55.96 56.06 55.92 55.86 56.14 56.10 55.96 56.00 56.23 56.28 56.40 56.72 57.33 57.30 56.89 56.05 55.00 54.31 53.64 53.40 53.04 52.40 53.00 52.20 51.56 51.19 51.68 52.09 51.81 52.02 51.87 51.66 51.16 50.84 50.91 50.31 50.38 50.18 50.12 49.35 48.62 47.40 48.12 47.40 46.56 46.35 46.54 46.67 46.64 46.04 45.32 44.37 42.89 41.75 41.22 40.35 39.63 38.47 36.90 36.11 35.66 35.19 34.68 35.01 35.63 34.76 34.31 33.97 33.98 33.64 33.11 33.40 33.65 33.65 33.74 33.46
56.14 56.27 56.50 56.39 56.65 56.91 57.01 57.21 57.52 57.49 57.58 57.80 58.03 58.21 57.70 57.07 56.28 55.04 54.11 53.45 53.26 52.67 52.17 51.90 51.72 51.56 51.53 51.42 51.29 51.65 51.46 51.83 51.71 51.44 50.83 50.43 50.24 50.35 49.93 48.76 48.30 48.17 47.54 47.31 46.97 46.96 47.03 47.05 46.93 46.42 45.46 44.53 43.43 42.25 41.13 40.37 39.77 39.77 37.57 36.51 35.89 35.41 34.92 34.70 34.66 34.36 34.27 34.10 33.93 33.79 33.24 33.14 33.26 33.47 33.96 34.10
55.75 56.26 56.35 56.45 56.91 57.20 57.90 58.18 58.24 58.24 58.46 58.55 58.61 58.58 58.35 57.74 57.12 56.51 55.06 54.16 54.66 54.27 52.32 52.19 51.94 51.88 51.71 51.55 51.38 51.38 51.26 51.62 51.69 51.96 50.64 50.10 49.88 49.90 50.06 49.48 49.05 48.41 48.00 47.83 47.88 47.84 47.83 47.70 47.07 46.70 46.02 44.82 43.62 42.60 41.65 40.54 39.65 39.19 38.01 36.90 36.22 35.66 35.11 34.70 34.41 34.29 34.19 34.11 34.18 34.25 34.03 34.16 34.21 34.17 34.22 34.29
55.53 56.01 56.26 56.50 57.21 57.45 58.11 58.44 58.52 58.69 58.89 58.92 58.92 58.89 59.36 58.61 57.53 56.38 55.48 54.82 54.76 57.16 53.67 52.40 52.29 51.83 51.88 51.87 52.01 51.67 51.38 51.17 51.00 50.70 50.30 50.21 49.90 49.65 49.59 49.48 49.20 49.13 49.28 49.77 49.25 48.92 48.29 47.58 47.07 46.76 46.24 44.96 44.03 43.01 42.30 40.75 39.91 39.32 38.54 37.45 36.65 35.90 35.40 34.91 34.59 34.39 34.30 34.29 34.41 34.75 35.01 35.00 35.25 35.42 34.74 34.53
55.55 55.89 56.12 56.60 57.02 57.43 58.15 58.45 58.59 58.93 59.19 59.18 59.16 58.82 58.55 58.62 57.76 56.63 55.73 55.03 54.65 54.32 53.61 53.00 53.00 52.33 52.21 51.87 51.74 51.98 51.99 51.56 51.12 51.00 50.65 50.46 50.34 49.84 49.76 49.67 49.68 49.83 49.61 49.68 48.94 48.37 47.93 47.50 47.58 47.33 46.20 45.24 44.50 43.79 42.42 41.22 40.55 39.67 38.97 38.25 37.35 36.56 35.98 35.40 35.49 35.39 34.85 34.61 34.71 34.95 35.91 35.55 36.48 35.84 34.98 34.65
55.47 55.76 56.21 56.77 57.04 57.38 57.92 58.30 58.49 58.80 59.09 59.31 58.99 58.76 58.67 58.15 57.47 56.91 56.21 55.49 55.04 54.60 54.09 53.81 53.67 53.45 52.71 52.42 52.17 51.81 51.60 51.78 51.52 51.48 51.53 51.39 51.13 50.46 50.92 50.42 50.48 52.32 51.30 50.78 49.70 48.76 48.16 47.85 48.28 47.98 46.81 45.69 44.66 43.54 42.70 41.67 40.70 40.16 39.43 38.81 38.15 37.38 36.77 36.40 36.48 36.26 35.55 35.08 35.00 35.11 35.82 36.20 36.22 36.08 35.47 35.06
55.63 55.98 56.42 56.86 57.00 57.25 57.54 58.04 58.24 58.59 59.01 59.04 58.82 58.65 58.36 58.09 57.54 56.75 56.20 55.84 55.39 55.04 54.73 54.89 54.54 54.49 53.73 53.35 53.19 52.43 51.99 51.71 51.42 51.22 51.21 51.08 50.86 50.50 50.37 51.18 50.47 52.26 51.30 50.48 49.21 48.84 48.70 48.45 48.05 47.06 46.24 45.39 44.59 43.70 43.22 42.18 41.06 40.34 39.61 38.96 38.42 37.87 37.49 37.35 37.26 36.69 36.02 35.52 35.46 35.42 35.55 35.71 36.01 36.58 35.99 35.64
56.17 56.44 56.85 56.89 56.94 57.09 57.36 57.67 57.99 58.26 58.50 58.66 58.52 58.47 58.32 57.75 57.15 56.87 56.58 56.26 55.86 55.52 55.12 54.73 54.68 54.74 54.30 54.60 54.02 53.46 52.64 52.12 51.87 51.61 51.48 51.27 50.85 50.47 50.14 49.75 49.47 49.72 50.14 49.70 49.30 48.84 48.31 47.73 47.23 46.95 46.18 45.47 44.60 43.97 43.26 42.26 41.42 40.71 40.20 39.67 39.29 39.02 38.95 38.69 38.49 36.99 36.39 36.17 36.14 36.09 36.21 36.34 36.43 36.75 36.63 36.30
56.55 56.84 56.84 56.78 56.91 57.02 57.26 57.56 57.84 58.22 58.56 58.53 58.45 58.27 57.80 57.38 57.17 56.94 56.78 56.75 56.48 56.10 55.79 55.44 54.98 54.72 54.56 54.65 54.13 53.76 53.29 52.70 52.01 51.63 51.40 51.12 50.81 50.48 50.18 49.69 49.18 48.77 48.64 48.37 48.33 48.31 48.20 47.31 46.72 46.40 46.15 45.43 44.88 44.61 43.77 42.79 42.05 41.21 40.89 40.42 40.20 39.69 39.71 39.64 38.45 37.86 37.47 37.09 36.90 36.81 36.88 37.05 37.50 37.83 37.44 37.45
57.27 57.25 57.07 56.88 56.97 57.26 57.41 57.49 57.74 57.91 58.01 58.05 57.93 57.81 57.64 57.52 57.41 57.12 56.84 56.86 56.77 56.53 56.33 55.87 55.51 55.22 54.78 54.41 54.21 54.04 53.69 52.79 52.37 52.38 52.35 51.94 51.23 50.73 50.17 49.69 49.20 48.71 48.32 47.96 47.70 47.82 47.50 46.77 46.24 45.81 45.60 45.84 45.51 45.03 44.33 43.47 42.81 42.02 41.41 41.31 41.25 40.44 39.80 39.26 38.86 38.44 38.25 38.02 37.84 37.80 37.99 38.19 38.70 38.58 37.87 37.39
57.82 57.67 57.24 57.07 57.20 57.58 57.74 57.68 57.51 57.68 57.77 57.88 57.98 57.96 57.78 57.52 57.36 57.20 56.85 56.71 56.61 56.67 56.69 56.41 56.07 55.74 55.34 54.81 54.37 54.07 54.22 53.18 53.05 54.49 53.99 53.30 51.95 52.11 51.22 50.31 50.29 49.70 48.76 47.89 47.31 46.97 46.81 46.78 46.30 45.44 45.45 45.32 45.12 44.90 44.39 43.87 43.67 43.03 42.07 41.39 40.97 40.39 40.00 39.55 39.31 39.12 39.18 39.38 39.53 39.31 39.10 38.32 37.60 37.56 37.24 36.79
58.35 58.11 57.56 57.38 57.47 57.65 57.86 57.92 57.80 57.67 57.72 57.83 58.01 58.10 58.21 58.62 57.56 57.26 57.19 56.98 56.77 56.79 56.88 56.35 56.17 55.71 55.29 54.78 54.33 54.09 53.82 53.63 53.31 53.42 53.27 52.66 51.91 51.59 52.80 51.35 49.99 49.24 49.01 48.18 47.43 46.50 45.93 45.86 45.67 45.23 45.02 44.98 45.04 44.52 44.14 44.25 44.32 43.83 42.96 42.83 42.33 41.44 40.85 40.29 39.92 39.95 41.46 42.02 40.89 39.18 37.92 37.37 37.37 37.30 37.26 37.08
58.96 58.48 58.02 57.78 57.66 57.81 57.99 58.13 57.90 57.66 57.77 57.84 57.81 57.76 57.81 57.97 57.71 57.57 57.74 57.94 57.61 57.35 57.07 56.51 56.27 55.77 55.24 54.77 54.45 54.29 54.27 53.87 53.55 53.36 52.79 52.01 51.56 50.96 50.85 50.53 49.85 48.87 48.55 48.01 47.26 46.59 45.52 45.13 45.00 44.83 45.00 45.24 45.19 44.57 44.12 44.50 45.15 44.70 43.91 43.22 42.66 42.04 41.77 40.95 40.57 40.36 40.52 40.53 39.85 38.60 37.96 37.39 37.23 37.04 36.93 37.01
59.41 58.87 58.29 57.91 57.92 57.98 58.18 58.38 58.05 57.83 57.67 57.77 57.73 57.82 57.84 57.82 57.68 57.75 57.97 58.24 58.12 57.64 57.33 56.62 56.16 55.82 55.33 55.12 54.85 54.49 54.32 53.82 53.42 52.85 52.07 51.51 51.17 50.75 50.60 50.03 49.61 48.98 48.03 47.18 46.56 46.16 45.65 45.10 44.88 44.87 45.36 45.11 44.96 44.61 44.16 44.05 44.21 45.12 43.93 43.39 42.60 41.91 41.62 41.19 40.84 40.74 40.77 40.31 39.21 38.56 38.03 37.58 37.30 37.05 37.06 36.96
60.26 59.54 58.70 58.17 57.87 57.74 57.75 57.93 58.07 58.13 58.00 57.87 57.76 57.85 57.96 58.08 58.54 58.30 57.80 57.75 57.71 57.63 57.54 56.79 56.29 55.89 55.44 55.04 54.88 54.38 53.78 53.25 53.57 52.39 51.78 51.41 51.05 50.71 50.35 49.63 49.12 48.53 47.99 47.33 46.34 46.08 45.55 45.05 44.86 44.86 44.93 44.76 44.65 44.55 44.32 44.19 44.03 44.02 43.90 43.33 42.71 42.23 41.81 41.37 41.27 41.64 40.88 40.14 39.82 38.58 38.02 37.67 37.44 37.30 37.25 37.24
61.10 60.14 59.21 58.60 58.21 58.29 58.14 58.28 58.49 58.48 58.41 58.08 58.04 58.24 58.40 58.37 59.06 59.39 58.42 58.30 58.01 57.91 57.80 56.99 56.43 55.99 55.48 55.16 54.69 54.02 53.65 53.01 53.00 52.07 51.62 51.17 50.74 50.53 50.05 49.52 49.13 48.25 47.79 46.98 46.27 45.89 45.55 45.14 44.98 45.03 45.05 44.91 44.71 44.59 44.81 45.03 44.80 44.56 43.99 43.47 43.12 43.04 42.66 42.53 41.62 41.83 40.58 39.64 38.96 38.49 38.17 38.14 37.89 37.75 37.69 37.84
62.17 60.93 60.01 59.25 58.65 58.17 58.30 58.31 58.85 59.30 58.91 58.58 58.18 58.37 58.58 58.49 58.35 58.56 58.54 58.42 57.93 57.55 57.36 56.90 56.44 56.01 55.58 55.04 54.44 53.85 53.22 52.71 52.25 51.84 51.35 50.95 50.64 50.23 49.81 49.10 49.07 48.14 47.46 46.91 46.25 45.82 45.58 45.34 45.55 45.27 45.05 45.20 45.04 44.81 44.71 44.65 44.58 44.59 44.61 44.06 43.50 43.13 42.67 42.58 41.56 41.31 40.25 39.70 39.20 38.72 38.45 38.48 38.27 38.29 38.05 38.16
62.55 61.73 60.81 59.88 59.09 58.67 58.57 58.60 58.73 58.90 59.08 58.77 58.47 58.42 58.68 58.32 58.51 58.54 58.42 58.24 57.97 57.65 57.35 56.97 56.58 56.07 55.63 55.02 54.42 53.74 53.17 53.06 52.76 52.10 51.41 50.94 50.37 49.82 49.27 48.83 48.25 47.64 47.15 46.69 46.29 45.97 45.76 45.57 46.02 45.65 45.20 45.42 45.77 46.10 45.30 45.03 44.88 44.68 44.55 44.43 43.91 43.47 42.88 42.47 41.52 40.77 40.16 39.66 39.32 38.97 38.82 38.69 38.68 38.49 38.48 38.65
63.09 62.42 62.07 61.01 60.25 59.97 59.76 59.53 59.34 59.31 59.42 59.54 58.99 58.52 58.44 58.54 58.59 58.39 58.29 58.10 57.93 57.75 57.53 57.11 56.60 56.08 55.55 54.86 54.29 53.75 53.28 53.10 52.58 52.20 51.51 50.92 50.43 49.83 49.51 48.88 48.50 47.83 47.16 46.75 46.31 46.01 45.87 45.65 45.82 46.39 45.62 45.34 45.61 46.88 46.25 45.73 45.65 45.59 45.67 44.88 44.22 43.44 42.98 42.58 41.43 40.89 40.28 39.79 39.49 39.39 39.34 39.35 39.14 39.05 39.00 39.02
64.05 63.53 62.90 62.40 61.90 60.88 60.28 59.79 59.78 59.71 59.34 59.66 59.52 59.28 58.85 58.53 58.50 58.49 58.27 58.12 57.97 57.80 57.62 57.14 56.61 56.01 55.48 54.91 54.34 53.89 53.45 53.08 52.63 52.16 51.72 50.98 50.37 49.84 49.36 48.95 48.64 48.02 47.36 46.75 46.46 46.27 46.07 45.87 45.92 46.00 45.81 45.53 45.64 46.12 45.48 45.29 44.99 45.32 44.81 44.19 43.74 43.27 42.75 42.39 41.65 41.13 40.53 40.09 39.96 39.88 40.14 39.78 39.61 39.60 39.52 39.51
64.88 64.41 63.96 63.11 62.23 61.41 60.72 60.19 60.02 59.68 59.51 59.51 59.45 59.74 58.89 58.76 58.59 58.44 58.24 58.17 58.06 57.89 57.65 57.22 56.69 56.11 55.50 54.95 54.44 53.94 53.45 53.03 52.67 52.42 51.86 51.00 50.38 49.93 49.32 48.82 48.39 47.81 47.30 46.90 46.58 46.40 46.28 45.96 46.02 46.12 46.99 45.63 45.34 45.21 45.13 44.84 44.71 44.59 44.30 43.91 43.60 43.26 42.68 42.41 41.84 41.57 40.86 40.51 40.41 40.41 40.55 40.14 40.07 39.97 39.90 39.86
65.76 65.51 64.93 64.13 63.29 62.33 61.44 60.75 60.26 59.98 59.91 59.92 59.76 59.72 59.25 59.04 58.76 58.70 58.49 58.42 58.25 58.10 57.81 57.40 56.90 56.29 55.64 55.10 54.53 54.01 53.52 52.98 52.66 52.52 51.73 51.00 50.30 49.78 49.38 48.79 48.22 47.72 47.25 46.90 46.58 46.37 46.18 46.19 46.22 46.29 46.56 46.00 45.55 45.26 45.02 45.09 44.85 44.48 44.30 43.83 43.55 43.23 43.12 42.69 42.51 41.81 41.38 41.08 40.92 40.79 40.71 40.81 40.76 40.49 40.36 40.23
