raw_data/climate/rel_humidity_9am.asc
ncols         501
nrows         361
xllcorner     109.95
yllcorner     -45.05
cellsize      0.1
NODATA_value  -9999
[rows 288 to 319 of 361, columns 360 to 431 of 501]
82.353 84.991 84.519 84.858 81.063 83.342 82.413 79.945 81.525 78.83 78.356 78.383 78.742 78.282 77.7 77.373 77.286 77.214 77.154 77.068 76.837 76.338 76.202 75.999 75.845 75.802 75.649 75.594 75.575 75.607 75.663 75.775 75.932 76.128 76.356 76.602 76.84 77.024 77.107 77.102 77.052 76.987 76.92 76.856 76.798 76.746 76.7 76.66 76.626 76.598 76.575 76.557 76.544 76.535 76.531 76.531 76.535 76.543 76.554 76.569 76.588 76.609 76.634 76.661 76.692 76.725 76.76 76.798 76.838 76.88 76.924 76.971
80.728 81.55 81.92 83.816 80.871 82.128 82.205 79.682 79.014 78.781 78.448 78.472 78.355 78.162 77.83 77.689 77.427 77.102 76.885 76.715 76.549 76.39 76.24 76.101 75.979 75.876 75.797 75.747 75.731 75.752 75.813 75.913 76.052 76.222 76.415 76.616 76.803 76.948 77.031 77.053 77.033 76.992 76.942 76.89 76.839 76.792 76.749 76.711 76.679 76.651 76.628 76.61 76.597 76.588 76.583 76.582 76.585 76.592 76.602 76.616 76.633 76.654 76.677 76.704 76.733 76.764 76.798 76.835 76.874 76.915 76.958 77.003
81.804 80.784 81.308 81.395 81.476 80.479 80.287 79.291 78.98 78.712 78.54 78.296 78.194 78.031 77.728 77.641 77.34 77.164 76.991 76.822 76.659 76.504 76.359 76.226 76.11 76.013 75.94 75.894 75.878 75.897 75.949 76.036 76.154 76.297 76.457 76.619 76.769 76.888 76.965 77 77 76.979 76.944 76.904 76.863 76.823 76.785 76.751 76.72 76.694 76.673 76.655 76.642 76.633 76.628 76.627 76.63 76.636 76.646 76.659 76.675 76.694 76.717 76.742 76.77 76.801 76.834 76.87 76.907 76.947 76.989 77.033
81.547 81.037 81.289 80.623 80.863 80.914 79.546 79.385 79.333 78.919 78.675 78.415 78.19 77.992 77.806 77.636 77.442 77.265 77.093 76.926 76.765 76.614 76.474 76.347 76.236 76.144 76.075 76.031 76.015 76.028 76.072 76.144 76.242 76.36 76.49 76.621 76.742 76.841 76.911 76.95 76.963 76.955 76.934 76.906 76.874 76.841 76.809 76.779 76.752 76.728 76.708 76.692 76.68 76.672 76.667 76.666 76.668 76.674 76.684 76.696 76.712 76.731 76.753 76.777 76.805 76.834 76.867 76.901 76.938 76.977 77.018 77.061
81.313 81.044 80.871 80.602 80.225 80.015 79.855 79.593 79.49 79.89 79.338 78.921 78.502 78.181 77.907 77.717 77.536 77.359 77.188 77.023 76.866 76.719 76.583 76.461 76.355 76.267 76.2 76.157 76.139 76.146 76.18 76.238 76.317 76.413 76.518 76.623 76.722 76.805 76.867 76.907 76.925 76.927 76.917 76.898 76.874 76.848 76.822 76.797 76.774 76.754 76.736 76.722 76.711 76.704 76.7 76.699 76.702 76.708 76.717 76.73 76.745 76.764 76.785 76.809 76.836 76.865 76.896 76.93 76.966 77.004 77.044 77.086
83.345 82.728 82.288 81.103 80.709 81.372 80.809 80.262 80.815 79.65 79.093 78.804 78.458 78.191 77.986 77.801 77.619 77.444 77.274 77.112 76.959 76.816 76.684 76.567 76.464 76.38 76.315 76.271 76.249 76.251 76.275 76.32 76.382 76.458 76.542 76.627 76.707 76.777 76.831 76.869 76.891 76.898 76.895 76.884 76.868 76.849 76.828 76.808 76.789 76.772 76.757 76.745 76.736 76.73 76.727 76.727 76.73 76.737 76.746 76.759 76.774 76.793 76.814 76.837 76.864 76.892 76.923 76.957 76.992 77.029 77.069 77.11
81.753 82.044 81.863 81.391 81.775 82.665 83.001 81.101 80.017 79.644 79.097 78.703 78.441 78.247 78.057 77.872 77.692 77.519 77.352 77.193 77.043 76.904 76.777 76.663 76.564 76.481 76.417 76.372 76.347 76.343 76.358 76.39 76.438 76.497 76.564 76.632 76.697 76.754 76.801 76.836 76.859 76.87 76.872 76.867 76.856 76.843 76.828 76.812 76.797 76.783 76.771 76.762 76.755 76.75 76.749 76.75 76.754 76.761 76.771 76.784 76.8 76.818 76.839 76.862 76.888 76.917 76.947 76.98 77.015 77.052 77.091 77.132
81.547 81.307 81.445 82.36 82.955 82.81 80.709 80.107 79.76 79.35 78.962 78.691 78.494 78.301 78.113 77.93 77.753 77.582 77.419 77.264 77.118 76.983 76.859 76.748 76.652 76.571 76.507 76.461 76.433 76.422 76.429 76.451 76.486 76.531 76.583 76.636 76.689 76.736 76.776 76.808 76.829 76.842 76.848 76.847 76.841 76.833 76.822 76.811 76.799 76.789 76.78 76.773 76.768 76.765 76.765 76.768 76.773 76.781 76.792 76.805 76.821 76.84 76.861 76.884 76.91 76.938 76.969 77.001 77.036 77.073 77.111 77.151
80.611 80.97 81.905 82.401 82.583 80.962 79.947 79.576 79.368 79.139 78.918 78.722 78.528 78.339 78.154 77.975 77.801 77.634 77.475 77.324 77.182 77.051 76.93 76.823 76.729 76.65 76.586 76.538 76.506 76.49 76.489 76.502 76.526 76.559 76.598 76.64 76.682 76.721 76.755 76.782 76.802 76.816 76.823 76.826 76.824 76.819 76.812 76.805 76.797 76.79 76.784 76.779 76.776 76.776 76.777 76.781 76.788 76.797 76.808 76.822 76.839 76.858 76.879 76.903 76.929 76.957 76.988 77.02 77.055 77.091 77.129 77.169
80.549 80.941 80.324 80.161 80.023 79.861 79.685 79.5 79.31 79.117 78.925 78.734 78.546 78.361 78.181 78.006 77.837 77.674 77.519 77.373 77.235 77.107 76.991 76.886 76.794 76.716 76.652 76.603 76.568 76.547 76.539 76.544 76.559 76.582 76.611 76.643 76.676 76.707 76.735 76.759 76.777 76.791 76.799 76.804 76.804 76.803 76.799 76.795 76.791 76.786 76.783 76.781 76.781 76.782 76.785 76.791 76.799 76.809 76.821 76.836 76.853 76.873 76.895 76.919 76.945 76.973 77.004 77.036 77.071 77.107 77.145 77.185
80.942 80.258 80.327 80.065 79.942 79.796 79.633 79.46 79.28 79.097 78.913 78.729 78.547 78.368 78.194 78.024 77.86 77.703 77.552 77.41 77.277 77.153 77.04 76.938 76.849 76.771 76.707 76.656 76.618 76.593 76.58 76.578 76.585 76.6 76.62 76.644 76.669 76.693 76.716 76.736 76.753 76.766 76.775 76.781 76.784 76.785 76.784 76.783 76.781 76.779 76.779 76.779 76.781 76.784 76.789 76.796 76.806 76.817 76.831 76.846 76.864 76.885 76.907 76.932 76.958 76.987 77.018 77.05 77.085 77.121 77.159 77.199
80.094 80.088 80.041 79.958 79.958 79.713 79.563 79.402 79.233 79.059 78.884 78.708 78.533 78.361 78.193 78.029 77.871 77.719 77.574 77.437 77.308 77.188 77.078 76.979 76.891 76.815 76.751 76.699 76.659 76.63 76.612 76.604 76.604 76.612 76.625 76.642 76.66 76.679 76.698 76.715 76.729 76.741 76.75 76.757 76.762 76.765 76.766 76.767 76.768 76.769 76.771 76.774 76.778 76.783 76.79 76.799 76.809 76.822 76.837 76.854 76.873 76.894 76.917 76.942 76.969 76.998 77.029 77.062 77.097 77.133 77.171 77.211
79.983 79.969 79.922 80.473 81.982 79.619 79.48 79.329 79.17 79.007 78.84 78.673 78.506 78.341 78.18 78.023 77.87 77.724 77.584 77.452 77.328 77.212 77.106 77.009 76.923 76.848 76.784 76.731 76.689 76.657 76.635 76.622 76.618 76.619 76.626 76.637 76.65 76.664 76.679 76.693 76.705 76.716 76.725 76.733 76.738 76.743 76.747 76.75 76.753 76.756 76.76 76.765 76.771 76.778 76.787 76.798 76.81 76.824 76.84 76.858 76.878 76.9 76.924 76.949 76.977 77.007 77.038 77.071 77.106 77.143 77.181 77.221
79.873 79.851 79.802 79.727 80.286 79.515 79.386 79.245 79.096 78.941 78.784 78.625 78.466 78.309 78.155 78.005 77.859 77.718 77.584 77.457 77.337 77.225 77.123 77.029 76.945 76.871 76.807 76.754 76.71 76.676 76.651 76.634 76.624 76.621 76.623 76.629 76.637 76.648 76.659 76.67 76.681 76.691 76.7 76.707 76.714 76.72 76.725 76.73 76.736 76.741 76.747 76.754 76.762 76.771 76.782 76.794 76.808 76.823 76.84 76.86 76.881 76.903 76.928 76.955 76.983 77.013 77.045 77.079 77.114 77.151 77.19 77.23
79.765 79.735 79.682 79.608 79.515 79.406 79.284 79.151 79.011 78.865 78.735 78.566 78.416 78.266 78.12 77.976 77.837 77.702 77.574 77.451 77.336 77.229 77.129 77.039 76.957 76.884 76.821 76.767 76.722 76.686 76.658 76.638 76.625 76.618 76.616 76.617 76.622 76.629 76.638 76.647 76.656 76.665 76.673 76.681 76.689 76.696 76.702 76.709 76.716 76.723 76.731 76.74 76.75 76.761 76.773 76.787 76.803 76.82 76.838 76.859 76.881 76.905 76.93 76.958 76.987 77.018 77.05 77.085 77.12 77.158 77.196 77.237
79.658 79.619 79.562 79.487 79.396 79.291 79.176 79.05 78.918 78.781 78.64 78.498 78.356 78.214 78.074 77.938 77.805 77.677 77.554 77.437 77.326 77.223 77.127 77.039 76.959 76.888 76.826 76.772 76.726 76.689 76.659 76.636 76.62 76.61 76.604 76.603 76.604 76.609 76.614 76.622 76.629 76.637 76.646 76.654 76.662 76.67 76.678 76.686 76.695 76.704 76.714 76.724 76.736 76.749 76.763 76.778 76.795 76.814 76.834 76.855 76.879 76.904 76.93 76.959 76.989 77.02 77.054 77.088 77.125 77.162 77.202 77.242
79.551 79.504 79.441 79.365 79.275 79.174 79.063 78.944 78.819 78.689 78.556 78.422 78.287 78.153 78.021 77.891 77.765 77.642 77.525 77.413 77.307 77.208 77.116 77.031 76.953 76.884 76.822 76.768 76.722 76.684 76.653 76.628 76.61 76.597 76.588 76.584 76.583 76.585 76.589 76.595 76.601 76.609 76.617 76.625 76.634 76.643 76.652 76.662 76.672 76.682 76.694 76.706 76.72 76.734 76.75 76.767 76.786 76.805 76.827 76.85 76.874 76.901 76.928 76.958 76.989 77.021 77.055 77.09 77.127 77.166 77.205 77.246
79.445 79.388 79.321 79.242 79.152 79.053 78.947 78.833 78.714 78.592 78.466 78.339 78.212 78.085 77.96 77.836 77.716 77.6 77.488 77.382 77.28 77.185 77.096 77.014 76.939 76.871 76.81 76.757 76.711 76.672 76.64 76.614 76.594 76.579 76.568 76.562 76.559 76.559 76.562 76.566 76.572 76.579 76.587 76.595 76.604 76.614 76.624 76.635 76.647 76.659 76.672 76.686 76.701 76.718 76.735 76.754 76.774 76.795 76.818 76.842 76.868 76.896 76.925 76.955 76.987 77.02 77.055 77.091 77.128 77.167 77.208 77.249
79.337 79.273 79.199 79.118 79.028 78.931 78.827 78.719 78.605 78.489 78.371 78.251 78.13 78.01 77.892 77.775 77.661 77.551 77.444 77.342 77.246 77.154 77.069 76.99 76.917 76.851 76.792 76.739 76.693 76.654 76.621 76.594 76.572 76.556 76.544 76.536 76.532 76.531 76.532 76.535 76.541 76.547 76.555 76.564 76.574 76.584 76.596 76.608 76.621 76.634 76.649 76.665 76.681 76.699 76.718 76.739 76.76 76.783 76.808 76.833 76.86 76.889 76.919 76.95 76.983 77.017 77.053 77.09 77.128 77.168 77.209 77.251
79.229 79.156 79.077 78.993 78.902 78.806 78.706 78.601 78.493 78.383 78.271 78.157 78.044 77.93 77.818 77.708 77.6 77.495 77.394 77.297 77.204 77.117 77.035 76.958 76.888 76.824 76.766 76.714 76.669 76.63 76.597 76.569 76.546 76.529 76.516 76.507 76.502 76.499 76.5 76.503 76.507 76.514 76.522 76.531 76.541 76.553 76.565 76.578 76.593 76.608 76.624 76.641 76.66 76.679 76.7 76.722 76.745 76.769 76.795 76.822 76.851 76.881 76.912 76.944 76.978 77.013 77.05 77.088 77.127 77.167 77.208 77.251
79.119 79.039 78.955 78.867 78.775 78.68 78.582 78.482 78.379 78.274 78.167 78.06 77.953 77.846 77.74 77.636 77.534 77.434 77.338 77.946 77.219 77.073 76.994 76.921 76.853 76.79 76.734 76.684 76.639 76.6 76.567 76.539 76.516 76.498 76.484 76.474 76.468 76.465 76.465 76.467 76.472 76.479 76.487 76.497 76.508 76.52 76.533 76.548 76.564 76.58 76.598 76.617 76.637 76.658 76.68 76.704 76.728 76.754 76.781 76.81 76.84 76.871 76.903 76.937 76.972 77.008 77.045 77.084 77.124 77.165 77.207 77.25
79.008 78.92 78.83 78.739 78.647 78.553 78.457 78.36 78.262 78.162 78.062 77.961 77.859 77.758 77.658 77.559 77.463 77.368 77.277 77.398 77.24 77.05 76.948 76.877 76.812 76.751 76.696 76.647 76.603 76.565 76.531 76.503 76.48 76.462 76.448 76.438 76.431 76.428 76.428 76.43 76.435 76.441 76.45 76.461 76.472 76.486 76.5 76.516 76.533 76.551 76.57 76.591 76.612 76.635 76.659 76.684 76.71 76.737 76.766 76.796 76.827 76.859 76.893 76.928 76.964 77.001 77.04 77.079 77.12 77.162 77.205 77.249
78.895 78.799 78.704 78.611 78.517 78.424 78.332 78.238 78.144 78.05 77.955 77.859 77.763 77.668 77.573 77.48 77.388 77.298 77.211 77.127 77.871 77.977 77.967 76.828 76.765 76.707 76.653 76.605 76.562 76.524 76.492 76.464 76.441 76.422 76.408 76.398 76.391 76.388 76.388 76.39 76.395 76.402 76.412 76.423 76.436 76.45 76.466 76.483 76.501 76.521 76.541 76.563 76.586 76.611 76.636 76.663 76.69 76.719 76.75 76.781 76.813 76.847 76.882 76.918 76.955 76.993 77.033 77.073 77.115 77.158 77.201 77.246
78.78 78.676 78.577 78.48 78.387 78.296 78.205 78.116 78.026 77.937 77.847 77.757 77.666 77.576 77.487 77.398 77.311 77.225 77.142 77.062 77.085 78.639 77.208 76.775 76.714 76.657 76.605 76.558 76.516 76.479 76.447 76.42 76.397 76.379 76.365 76.355 76.348 76.345 76.345 76.348 76.354 76.362 76.372 76.384 76.397 76.413 76.43 76.448 76.468 76.489 76.511 76.535 76.559 76.585 76.612 76.641 76.67 76.7 76.732 76.765 76.799 76.834 76.87 76.907 76.945 76.985 77.025 77.067 77.109 77.153 77.197 77.243
78.662 78.551 78.447 78.349 78.256 78.167 78.08 77.994 77.909 77.824 77.739 77.654 77.569 77.484 77.399 77.314 77.231 77.15 77.07 77.076 76.919 79.565 76.971 76.717 76.658 76.603 76.552 76.507 76.466 76.43 76.398 76.372 76.35 76.332 76.318 76.309 76.303 76.3 76.301 76.304 76.31 76.319 76.33 76.343 76.358 76.374 76.393 76.412 76.434 76.456 76.48 76.505 76.531 76.559 76.588 76.617 76.648 76.68 76.713 76.748 76.783 76.819 76.857 76.895 76.935 76.975 77.017 77.059 77.103 77.147 77.192 77.238
78.542 78.424 78.316 78.217 78.125 78.038 77.955 77.874 77.794 77.714 77.634 77.553 77.472 77.391 77.31 77.23 77.151 77.073 76.996 77.55 76.851 76.782 76.717 76.656 76.598 76.545 76.496 76.451 76.411 76.376 76.346 76.32 76.298 76.281 76.268 76.259 76.254 76.252 76.253 76.258 76.265 76.274 76.286 76.301 76.317 76.335 76.354 76.376 76.398 76.422 76.448 76.475 76.502 76.532 76.562 76.593 76.626 76.659 76.694 76.729 76.766 76.804 76.843 76.882 76.923 76.965 77.007 77.051 77.095 77.141 77.187 77.234
78.417 78.293 78.182 78.084 77.995 77.912 77.834 77.758 77.682 77.607 77.531 77.454 77.377 77.3 77.222 77.145 77.069 76.994 76.92 76.849 77.258 78.223 77.151 76.647 76.798 76.483 76.435 76.392 76.353 76.319 76.289 76.264 76.244 76.227 76.215 76.207 76.202 76.201 76.204 76.209 76.217 76.228 76.241 76.257 76.274 76.294 76.315 76.338 76.362 76.388 76.415 76.443 76.473 76.503 76.535 76.568 76.602 76.637 76.674 76.711 76.749 76.788 76.828 76.869 76.911 76.954 76.997 77.042 77.087 77.134 77.181 77.228
78.289 78.158 78.047 77.952 77.867 77.79 77.717 77.646 77.575 77.504 77.432 77.359 77.285 77.21 77.136 77.061 76.988 76.915 76.843 76.774 76.707 76.642 76.58 76.534 76.467 76.417 76.37 76.328 76.291 76.257 76.229 76.205 76.185 76.17 76.159 76.152 76.148 76.149 76.152 76.159 76.168 76.18 76.195 76.212 76.231 76.252 76.274 76.299 76.325 76.352 76.381 76.411 76.442 76.475 76.508 76.543 76.578 76.615 76.653 76.691 76.731 76.771 76.813 76.855 76.898 76.942 76.987 77.033 77.079 77.126 77.174 77.223
78.155 78.02 77.912 77.822 77.745 77.675 77.608 77.542 77.475 77.407 77.338 77.268 77.196 77.124 77.051 76.979 76.907 76.835 76.766 76.698 76.632 76.568 76.508 76.451 76.397 76.348 76.302 76.261 76.225 76.193 76.165 76.142 76.124 76.11 76.1 76.094 76.092 76.093 76.098 76.106 76.117 76.131 76.147 76.165 76.186 76.209 76.233 76.259 76.287 76.316 76.346 76.378 76.411 76.445 76.48 76.517 76.554 76.592 76.631 76.671 76.712 76.754 76.797 76.841 76.885 76.93 76.976 77.023 77.07 77.118 77.167 77.217
78.015 77.88 77.779 77.699 77.632 77.57 77.509 77.448 77.384 77.319 77.252 77.183 77.112 77.041 76.969 76.897 76.826 76.756 76.687 76.62 76.555 76.493 76.433 76.377 76.324 76.275 76.231 76.191 76.155 76.124 76.098 76.076 76.059 76.046 76.038 76.033 76.033 76.036 76.042 76.052 76.064 76.08 76.098 76.118 76.14 76.165 76.191 76.219 76.248 76.279 76.311 76.345 76.379 76.415 76.452 76.49 76.529 76.569 76.61 76.651 76.694 76.737 76.781 76.826 76.871 76.918 76.965 77.013 77.061 77.11 77.16 77.21
77.867 77.74 77.655 77.59 77.534 77.48 77.425 77.367 77.305 77.241 77.173 77.104 77.033 76.962 76.89 76.818 76.747 76.677 76.609 76.542 76.661 76.415 76.356 76.3 76.248 76.2 76.156 76.117 76.082 76.053 76.027 76.007 75.991 75.98 75.973 75.97 75.971 75.976 75.984 75.996 76.01 76.027 76.047 76.069 76.093 76.12 76.148 76.178 76.209 76.242 76.276 76.311 76.348 76.385 76.424 76.463 76.504 76.545 76.588 76.631 76.675 76.719 76.765 76.811 76.858 76.905 76.953 77.002 77.052 77.102 77.152 77.204
77.712 77.61 77.552 77.506 77.46 77.412 77.36 77.302 77.24 77.173 77.104 77.033 76.96 76.887 76.814 76.741 76.771 76.652 76.678 76.595 76.526 76.449 77.034 76.22 76.169 76.121 76.078 76.04 76.006 75.977 75.954 75.935 75.921 75.911 75.906 75.905 75.908 75.915 75.925 75.938 75.955 75.974 75.996 76.02 76.046 76.074 76.104 76.136 76.169 76.204 76.24 76.277 76.315 76.355 76.395 76.436 76.479 76.522 76.566 76.61 76.656 76.702 76.748 76.796 76.844 76.893 76.942 76.992 77.042 77.093 77.145 77.197
