raw_data/climate/rel_humidity_9am.asc
ncols         501
nrows         361
xllcorner     109.95
yllcorner     -45.05
cellsize      0.1
NODATA_value  -9999
[rows 256 to 287 of 361, columns 216 to 287 of 501]
72.379 72.449 72.517 72.584 72.649 72.711 72.771 72.829 72.883 72.935 72.983 73.027 73.068 73.104 73.136 73.163 73.186 73.204 73.216 73.223 73.226 73.222 73.214 73.2 73.181 73.157 73.127 73.093 73.055 73.011 72.964 72.912 72.856 72.796 72.733 72.727 72.594 72.518 72.439 72.379 72.45 72.955 73.037 71.981 71.853 71.731 71.6 71.46 71.309 71.146 70.971 70.784 70.585 70.373 70.148 69.911 69.663 69.402 69.13 68.847 69.105 68.809 68.147 67.6 67.259 66.907 66.546 66.184 65.842 65.612 65.496 65.614
72.587 72.655 72.723 72.788 72.852 72.913 72.972 73.029 73.083 73.133 73.181 73.225 73.265 73.301 73.333 73.361 73.384 73.403 73.417 73.426 73.43 73.43 73.424 73.413 73.398 73.378 73.353 73.323 73.289 73.251 73.209 73.163 73.113 73.059 73.002 72.941 72.876 72.807 72.735 72.723 72.916 73.047 73.192 72.295 72.188 72.072 71.946 71.81 71.662 71.502 71.328 71.141 70.94 70.726 70.498 70.257 70.004 69.738 69.461 69.172 69.359 69.016 68.857 67.893 67.539 67.168 66.78 66.377 65.965 65.617 65.412 66.707
72.79 72.858 72.925 72.989 73.052 73.112 73.17 73.226 73.279 73.329 73.376 73.419 73.459 73.496 73.528 73.557 73.581 73.601 73.616 73.627 73.633 73.635 73.632 73.624 73.612 73.596 73.575 73.55 73.521 73.488 73.451 73.41 73.366 73.318 73.267 73.212 73.154 73.092 73.026 73.153 73.011 73.154 72.727 72.622 72.529 72.412 72.293 72.162 72.018 71.861 71.689 71.503 71.301 71.085 70.854 70.61 70.354 70.085 69.804 69.57 69.688 69.506 68.809 68.217 67.857 67.478 67.076 66.648 66.191 65.732 65.317 67.913
72.991 73.058 73.123 73.187 73.248 73.308 73.365 73.42 73.472 73.522 73.568 73.612 73.652 73.688 73.721 73.75 73.775 73.796 73.813 73.825 73.834 73.838 73.837 73.833 73.824 73.811 73.794 73.774 73.749 73.721 73.689 73.654 73.615 73.573 73.528 73.479 73.427 73.372 73.313 73.25 73.182 73.11 73.031 73.043 72.854 72.752 72.639 72.515 72.377 72.224 72.055 71.869 71.667 71.45 71.217 70.971 70.711 70.44 70.157 69.959 69.924 69.763 68.958 68.573 68.216 67.842 67.446 67.025 66.575 66.108 65.96 68.025
73.188 73.254 73.318 73.381 73.442 73.501 73.557 73.611 73.663 73.712 73.758 73.802 73.842 73.878 73.911 73.941 73.967 73.989 74.007 74.021 74.032 74.038 74.04 74.039 74.033 74.024 74.011 73.994 73.974 73.95 73.923 73.893 73.859 73.823 73.784 73.741 73.696 73.647 73.595 73.539 73.479 73.414 73.344 73.268 73.285 73.09 73.026 72.87 72.738 72.59 72.425 72.241 72.039 71.82 71.613 71.774 71.489 71.229 70.767 70.288 70.06 69.865 69.29 68.958 68.614 68.257 67.887 67.504 67.115 66.751 67.322 73.667
73.382 73.447 73.511 73.572 73.632 73.69 73.746 73.8 73.851 73.9 73.946 73.989 74.029 74.066 74.099 74.13 74.156 74.18 74.199 74.215 74.227 74.236 74.24 74.241 74.239 74.233 74.223 74.21 74.194 74.175 74.153 74.127 74.099 74.068 74.034 73.998 73.959 73.916 73.871 73.823 73.77 73.714 73.652 73.585 73.51 73.427 73.332 73.225 73.101 72.96 72.799 72.617 72.416 72.196 72.134 72.066 71.898 71.416 70.935 70.634 70.448 70.1 69.686 69.367 69.042 68.712 68.379 68.049 67.737 68.398 70.289 70.041
73.573 73.637 73.7 73.761 73.82 73.877 73.933 73.986 74.037 74.085 74.131 74.174 74.214 74.251 74.285 74.316 74.343 74.368 74.389 74.406 74.42 74.431 74.438 74.441 74.442 74.439 74.433 74.423 74.411 74.396 74.378 74.357 74.334 74.308 74.28 74.249 74.216 74.18 74.142 74.1 74.056 74.007 73.955 73.897 73.832 73.76 73.676 73.58 73.466 73.333 73.177 72.998 72.796 72.574 72.405 72.34 71.85 71.547 71.267 70.981 70.689 70.394 70.094 69.793 69.491 69.191 68.897 68.62 68.373 68.834 69.035 71.714
73.76 73.824 73.886 73.946 74.005 74.061 74.116 74.169 74.219 74.267 74.313 74.356 74.396 74.434 74.468 74.5 74.528 74.553 74.576 74.595 74.61 74.623 74.632 74.638 74.641 74.641 74.638 74.632 74.624 74.613 74.599 74.582 74.564 74.543 74.52 74.494 74.467 74.437 74.405 74.371 74.334 74.294 74.25 74.202 74.148 74.087 74.016 73.932 73.831 73.708 73.558 73.381 73.178 72.972 72.711 72.456 72.192 71.921 71.644 71.364 71.08 70.796 70.511 70.228 69.949 69.678 69.421 69.187 68.988 69.316 72.278 72.451
73.945 74.008 74.069 74.129 74.187 74.243 74.297 74.349 74.399 74.447 74.493 74.536 74.576 74.614 74.649 74.681 74.71 74.736 74.76 74.78 74.798 74.812 74.823 74.832 74.837 74.84 74.84 74.838 74.832 74.825 74.815 74.803 74.788 74.772 74.753 74.733 74.711 74.687 74.661 74.633 74.604 74.571 74.536 74.498 74.455 74.406 74.349 74.28 74.194 74.083 73.941 73.765 73.559 73.329 73.083 72.826 72.561 72.292 72.02 71.746 71.472 71.199 70.929 70.664 70.407 70.163 69.936 69.734 70.217 72.628 73.164 71.693
74.127 74.189 74.25 74.309 74.366 74.421 74.475 74.527 74.577 74.624 74.67 74.713 74.753 74.791 74.827 74.86 74.89 74.917 74.941 74.963 74.982 74.998 75.012 75.022 75.03 75.036 75.038 75.039 75.037 75.032 75.026 75.017 75.007 74.995 74.981 74.965 74.948 74.929 74.909 74.887 74.864 74.839 74.812 74.783 74.751 74.714 74.671 74.618 74.55 74.455 74.322 74.146 73.934 73.698 73.447 73.187 72.923 72.657 72.39 72.124 71.859 71.599 71.343 71.096 70.859 70.636 70.433 71.843 71.983 71.226 71.753 70.467
74.306 74.368 74.427 74.486 74.542 74.597 74.651 74.702 74.752 74.799 74.844 74.887 74.928 74.966 75.002 75.036 75.066 75.095 75.12 75.143 75.164 75.181 75.197 75.209 75.219 75.227 75.232 75.236 75.236 75.235 75.232 75.227 75.22 75.212 75.202 75.19 75.178 75.164 75.148 75.132 75.115 75.096 75.076 75.055 75.031 75.006 74.976 74.939 74.89 74.816 74.696 74.517 74.295 74.051 73.796 73.536 73.274 74.555 72.751 72.51 72.32 71.991 71.75 71.518 71.298 71.142 73.595 73.01 72.702 71.914 71.267 70.394
74.483 74.543 74.602 74.66 74.716 74.771 74.824 74.875 74.924 74.971 75.016 75.059 75.1 75.139 75.175 75.209 75.241 75.27 75.296 75.321 75.342 75.361 75.378 75.393 75.405 75.415 75.423 75.428 75.432 75.433 75.433 75.431 75.428 75.423 75.416 75.409 75.4 75.39 75.379 75.367 75.354 75.341 75.326 75.311 75.295 75.277 75.257 75.233 75.201 75.147 75.04 74.858 74.627 75.307 75.451 74.024 74.417 74.386 73.536 72.865 72.61 72.373 72.145 71.927 71.723 71.533 71.362 71.213 71.087 70.987 70.913 70.862
74.656 74.716 74.775 74.832 74.887 74.941 74.994 75.045 75.094 75.141 75.186 75.229 75.27 75.309 75.345 75.38 75.412 75.442 75.47 75.495 75.518 75.538 75.557 75.573 75.587 75.599 75.609 75.616 75.622 75.627 75.629 75.63 75.629 75.627 75.624 75.619 75.614 75.607 75.6 75.592 75.583 75.573 75.563 75.552 75.54 75.526 75.511 75.492 75.465 75.417 75.666 76.635 76.784 75.26 75.048 75.149 75.07 74.218 73.786 73.508 73.186 73.099 72.527 72.891 73.122 71.953 71.794 71.653 71.533 71.435 71.359 71.302
74.827 74.886 74.944 75.001 75.056 75.11 75.162 75.212 75.261 75.308 75.353 75.396 75.437 75.476 75.513 75.548 75.581 75.611 75.64 75.666 75.69 75.712 75.732 75.75 75.765 75.779 75.791 75.8 75.809 75.815 75.82 75.823 75.825 75.825 75.825 75.823 75.82 75.816 75.811 75.806 75.8 75.792 75.784 75.775 75.765 75.753 75.737 75.716 75.683 75.625 76.045 76.012 75.469 75.739 75.664 75.405 74.448 74.128 74.056 73.65 73.342 73.099 72.895 72.702 72.521 72.355 72.204 72.07 71.955 71.858 71.779 71.718
74.996 75.054 75.111 75.167 75.222 75.275 75.327 75.377 75.425 75.472 75.517 75.56 75.602 75.641 75.678 75.714 75.747 75.778 75.807 75.834 75.859 75.883 75.904 75.923 75.94 75.955 75.968 75.98 75.99 75.998 76.005 76.011 76.014 76.017 76.019 76.019 76.018 76.017 76.014 76.01 76.005 76 75.992 75.984 75.973 75.958 75.939 75.911 75.868 75.8 75.696 76.798 75.45 75.24 75.03 74.886 74.505 74.283 74.356 74.051 73.642 73.44 73.248 73.066 72.895 72.738 72.595 72.467 72.355 72.259 72.179 72.113
75.162 75.219 75.276 75.332 75.386 75.438 75.49 75.539 75.588 75.634 75.679 75.722 75.763 75.803 75.841 75.876 75.91 75.942 75.972 76 76.026 76.05 76.072 76.092 76.111 76.127 76.142 76.155 76.167 76.177 76.186 76.193 76.198 76.203 76.206 76.208 76.209 76.209 76.207 76.205 76.201 76.195 76.188 76.178 76.165 76.147 76.122 76.087 76.036 75.962 75.859 75.723 75.56 75.376 75.18 74.976 74.768 74.561 74.355 74.154 73.957 73.767 73.586 73.414 73.252 73.103 72.967 72.844 72.735 72.64 72.559 72.491
75.325 75.382 75.438 75.493 75.547 75.599 75.65 75.699 75.747 75.794 75.838 75.881 75.923 75.962 76 76.036 76.071 76.103 76.133 76.162 76.189 76.214 76.237 76.258 76.278 76.296 76.312 76.326 76.339 76.351 76.361 76.369 76.377 76.382 76.387 76.39 76.392 76.393 76.392 76.39 76.386 76.38 76.372 76.36 76.344 76.322 76.292 76.251 76.194 76.117 76.017 75.891 75.743 75.576 75.397 75.209 75.017 74.824 74.632 74.443 74.258 74.08 73.909 73.746 73.594 73.452 73.322 73.203 73.098 73.004 72.923 72.853
75.486 75.542 75.598 75.652 75.705 75.757 75.808 75.857 75.904 75.951 75.995 76.038 76.08 76.119 76.157 76.194 76.228 76.261 76.292 76.321 76.349 76.375 76.399 76.421 76.441 76.46 76.478 76.493 76.507 76.52 76.531 76.541 76.549 76.556 76.562 76.566 76.569 76.57 76.569 76.567 76.563 76.556 76.546 76.532 76.513 76.487 76.453 76.407 76.347 76.27 76.173 76.055 75.919 75.767 75.603 75.431 75.254 75.075 74.896 74.719 74.547 74.379 74.218 74.065 73.92 73.785 73.661 73.547 73.444 73.352 73.271 73.2
75.644 75.7 75.755 75.809 75.862 75.913 75.963 76.012 76.059 76.105 76.15 76.193 76.234 76.274 76.312 76.348 76.383 76.416 76.448 76.478 76.506 76.532 76.557 76.58 76.601 76.621 76.639 76.656 76.671 76.685 76.697 76.708 76.717 76.725 76.731 76.736 76.739 76.74 76.739 76.737 76.732 76.723 76.712 76.696 76.674 76.645 76.608 76.559 76.497 76.421 76.327 76.217 76.092 75.952 75.802 75.644 75.481 75.315 75.149 74.984 74.822 74.665 74.514 74.369 74.232 74.104 73.985 73.876 73.776 73.686 73.606 73.535
75.8 75.855 75.91 75.963 76.015 76.066 76.116 76.164 76.212 76.257 76.302 76.344 76.386 76.426 76.464 76.501 76.536 76.569 76.601 76.631 76.66 76.687 76.712 76.736 76.758 76.778 76.797 76.815 76.831 76.845 76.858 76.869 76.879 76.887 76.894 76.899 76.902 76.904 76.903 76.9 76.894 76.884 76.871 76.852 76.828 76.797 76.757 76.707 76.646 76.57 76.481 76.378 76.261 76.133 75.994 75.849 75.698 75.545 75.391 75.237 75.086 74.939 74.797 74.661 74.532 74.41 74.296 74.191 74.095 74.007 73.928 73.857
75.954 76.008 76.062 76.115 76.167 76.217 76.267 76.315 76.361 76.407 76.451 76.494 76.535 76.575 76.613 76.65 76.685 76.719 76.751 76.782 76.811 76.838 76.864 76.888 76.911 76.932 76.952 76.97 76.986 77.001 77.015 77.026 77.037 77.045 77.052 77.058 77.061 77.062 77.06 77.056 77.049 77.039 77.024 77.004 76.978 76.945 76.904 76.853 76.792 76.719 76.634 76.537 76.428 76.309 76.182 76.048 75.909 75.767 75.624 75.481 75.34 75.202 75.069 74.941 74.818 74.703 74.595 74.494 74.401 74.316 74.238 74.168
76.105 76.159 76.212 76.265 76.316 76.366 76.415 76.463 76.509 76.554 76.598 76.641 76.682 76.722 76.76 76.797 76.832 76.866 76.898 76.929 76.958 76.986 77.012 77.037 77.06 77.082 77.102 77.121 77.138 77.153 77.167 77.179 77.19 77.199 77.206 77.211 77.214 77.215 77.213 77.208 77.2 77.188 77.172 77.151 77.124 77.09 77.048 76.997 76.937 76.867 76.786 76.694 76.593 76.483 76.365 76.241 76.112 75.981 75.848 75.715 75.584 75.455 75.33 75.209 75.094 74.985 74.881 74.785 74.695 74.613 74.537 74.468
76.254 76.307 76.36 76.412 76.463 76.512 76.561 76.608 76.654 76.699 76.743 76.785 76.826 76.866 76.904 76.941 76.976 77.01 77.043 77.074 77.104 77.132 77.158 77.183 77.207 77.229 77.249 77.268 77.285 77.301 77.315 77.328 77.339 77.348 77.355 77.36 77.362 77.363 77.36 77.355 77.346 77.333 77.316 77.294 77.266 77.231 77.189 77.14 77.081 77.013 76.936 76.85 76.756 76.653 76.544 76.429 76.31 76.188 76.065 75.942 75.819 75.699 75.582 75.468 75.359 75.255 75.157 75.065 74.979 74.9 74.826 74.759
76.401 76.454 76.506 76.557 76.607 76.656 76.704 76.751 76.797 76.842 76.885 76.927 76.968 77.008 77.046 77.083 77.118 77.152 77.185 77.216 77.246 77.274 77.301 77.326 77.35 77.372 77.393 77.412 77.43 77.446 77.46 77.473 77.483 77.492 77.499 77.504 77.506 77.506 77.503 77.497 77.488 77.474 77.456 77.434 77.405 77.37 77.329 77.28 77.224 77.159 77.086 77.005 76.916 76.821 76.72 76.613 76.503 76.39 76.275 76.16 76.046 75.934 75.824 75.717 75.615 75.517 75.423 75.336 75.253 75.177 75.106 75.041
76.545 76.597 76.649 76.7 76.749 76.798 76.846 76.892 76.938 76.982 77.025 77.067 77.108 77.147 77.185 77.222 77.257 77.291 77.324 77.355 77.385 77.414 77.44 77.466 77.49 77.512 77.533 77.553 77.57 77.586 77.601 77.614 77.624 77.633 77.64 77.645 77.647 77.646 77.643 77.636 77.626 77.612 77.594 77.571 77.542 77.508 77.467 77.42 77.365 77.303 77.234 77.158 77.075 76.986 76.892 76.793 76.691 76.586 76.479 76.372 76.266 76.161 76.058 75.958 75.861 75.768 75.68 75.597 75.518 75.445 75.376 75.313
76.687 76.739 76.79 76.84 76.889 76.938 76.985 77.031 77.076 77.12 77.163 77.205 77.245 77.284 77.322 77.359 77.394 77.428 77.461 77.492 77.522 77.55 77.577 77.603 77.627 77.65 77.671 77.69 77.708 77.724 77.738 77.751 77.762 77.771 77.777 77.782 77.783 77.783 77.779 77.772 77.761 77.747 77.728 77.705 77.677 77.643 77.603 77.558 77.505 77.446 77.381 77.309 77.232 77.149 77.061 76.969 76.874 76.776 76.677 76.578 76.479 76.38 76.284 76.19 76.099 76.012 75.928 75.849 75.774 75.704 75.638 75.577
76.827 76.878 76.929 76.978 77.027 77.075 77.122 77.167 77.212 77.256 77.298 77.34 77.38 77.419 77.457 77.493 77.528 77.562 77.595 77.626 77.656 77.684 77.711 77.737 77.761 77.784 77.805 77.824 77.842 77.858 77.873 77.885 77.896 77.905 77.911 77.915 77.917 77.916 77.912 77.904 77.894 77.879 77.861 77.838 77.81 77.777 77.738 77.694 77.644 77.588 77.527 77.459 77.387 77.309 77.227 77.142 77.053 76.962 76.87 76.778 76.685 76.593 76.503 76.415 76.329 76.247 76.168 76.093 76.022 75.955 75.892 75.834
76.965 77.016 77.066 77.115 77.163 77.21 77.256 77.302 77.346 77.389 77.432 77.473 77.513 77.551 77.589 77.625 77.66 77.694 77.727 77.758 77.787 77.816 77.843 77.868 77.893 77.915 77.936 77.956 77.974 77.99 78.004 78.017 78.027 78.036 78.042 78.046 78.047 78.046 78.042 78.034 78.023 78.009 77.991 77.968 77.941 77.909 77.871 77.829 77.782 77.729 77.67 77.607 77.539 77.467 77.39 77.311 77.228 77.144 77.058 76.972 76.886 76.8 76.715 76.633 76.552 76.475 76.4 76.329 76.262 76.198 76.138 76.082
77.101 77.151 77.2 77.249 77.296 77.343 77.389 77.434 77.478 77.521 77.563 77.603 77.643 77.681 77.719 77.755 77.79 77.823 77.856 77.887 77.916 77.945 77.972 77.997 78.021 78.044 78.065 78.084 78.102 78.118 78.132 78.145 78.155 78.164 78.17 78.174 78.175 78.173 78.169 78.162 78.151 78.137 78.118 78.096 78.07 78.039 78.003 77.963 77.918 77.868 77.813 77.753 77.69 77.622 77.551 77.476 77.4 77.321 77.241 77.161 77.08 77 76.921 76.844 76.769 76.696 76.625 76.558 76.494 76.434 76.377 76.324
77.235 77.284 77.333 77.381 77.428 77.474 77.519 77.564 77.607 77.65 77.691 77.732 77.771 77.809 77.846 77.882 77.917 77.95 77.983 78.013 78.043 78.071 78.098 78.124 78.148 78.17 78.191 78.21 78.228 78.244 78.258 78.27 78.281 78.289 78.295 78.299 78.3 78.298 78.294 78.287 78.276 78.262 78.244 78.223 78.197 78.168 78.134 78.095 78.052 78.005 77.953 77.898 77.838 77.775 77.708 77.639 77.568 77.495 77.42 77.345 77.27 77.195 77.122 77.049 76.978 76.91 76.844 76.78 76.72 76.663 76.609 76.558
77.366 77.415 77.463 77.511 77.557 77.603 77.648 77.692 77.735 77.777 77.818 77.858 77.897 77.935 77.972 78.007 78.042 78.075 78.107 78.138 78.167 78.195 78.222 78.247 78.271 78.294 78.315 78.334 78.351 78.367 78.381 78.393 78.404 78.412 78.418 78.421 78.422 78.421 78.417 78.41 78.399 78.386 78.369 78.348 78.323 78.295 78.262 78.226 78.185 78.141 78.092 78.04 77.984 77.925 77.863 77.799 77.732 77.664 77.595 77.525 77.455 77.385 77.316 77.248 77.182 77.118 77.056 76.996 76.939 76.885 76.834 76.786
77.496 77.544 77.592 77.639 77.685 77.73 77.774 77.818 77.86 77.902 77.943 77.982 78.021 78.059 78.095 78.13 78.165 78.198 78.229 78.26 78.289 78.317 78.344 78.369 78.393 78.415 78.436 78.455 78.472 78.488 78.502 78.514 78.524 78.532 78.538 78.542 78.543 78.541 78.537 78.53 78.52 78.507 78.491 78.471 78.448 78.421 78.39 78.355 78.317 78.275 78.229 78.18 78.128 78.073 78.015 77.955 77.893 77.83 77.765 77.7 77.635 77.57 77.505 77.442 77.38 77.32 77.261 77.205 77.152 77.101 77.053 77.007
