raw_data/climate/rel_humidity_9am.asc
ncols         501
nrows         361
xllcorner     109.95
yllcorner     -45.05
cellsize      0.1
NODATA_value  -9999
[rows 224 to 255 of 361, columns 216 to 287 of 501]
62.862 63.028 62.957 62.99 63.074 63.1 63.13 63.159 63.273 63.303 63.335 63.44 63.846 63.972 63.918 63.998 63.898 63.926 63.995 63.871 63.879 63.829 63.598 63.416 63.06 63.153 63.041 62.647 62.389 62.235 62.095 61.817 61.347 61.156 60.921 60.592 60.404 60.136 59.956 59.737 59.287 59.01 58.736 58.519 58.248 58.097 57.797 57.562 57.325 56.768 56.986 56.376 56.158 56.209 56.066 55.725 55.384 55.593 56.048 55.94 55.491 55.15 54.758 54.696 54.588 54.507 54.634 54.651 54.871 55.299 56.602 57.499
63.041 63.292 63.701 63.448 63.494 63.572 63.603 63.766 63.926 63.794 63.798 63.919 64.309 64.535 64.415 64.527 64.444 64.536 64.471 64.597 64.376 64.341 64.194 64.016 63.816 63.649 63.63 63.353 62.968 62.918 62.737 62.304 61.911 61.681 61.418 61.175 60.892 60.628 60.415 60.529 59.911 59.56 59.292 59.013 58.75 58.518 58.368 58.01 57.672 57.4 57.146 56.966 56.84 56.86 56.515 56.485 56.264 56.059 56.144 56.221 56.414 55.802 55.479 55.354 55.291 55.271 55.296 55.433 56.382 56.149 58.115 57.984
63.649 63.719 63.764 64.025 63.885 63.975 64.105 64.223 64.378 64.202 64.41 64.552 64.81 64.869 64.888 64.892 65.135 65.031 65.067 65.078 65.046 65.101 64.892 64.553 64.284 64.082 63.978 63.977 63.836 63.647 63.333 62.855 62.49 62.201 61.985 61.881 61.417 61.21 60.917 60.746 60.389 60.145 59.885 59.6 59.355 59.114 58.895 58.843 58.438 58.135 57.961 57.655 57.469 57.347 57.246 57.344 56.913 56.855 56.746 56.907 57.042 56.261 56.154 56.062 56.082 56.061 56.056 56.677 56.86 57.465 58.825 58.058
63.72 63.817 64.012 64.33 64.541 64.607 64.393 64.527 64.754 64.666 64.836 65.003 65.055 65.042 65.187 65.354 65.574 65.689 65.614 65.556 65.691 65.609 65.385 65.187 65.139 64.793 64.619 64.502 64.044 63.779 63.611 63.292 63.213 62.96 62.536 62.466 62.174 61.774 61.477 61.449 61.186 60.823 60.438 60.166 59.919 59.685 59.469 59.397 59.157 58.802 58.467 58.398 58.097 57.958 57.862 57.848 57.57 57.586 57.446 57.413 57.67 57.027 56.833 56.822 56.83 56.835 56.944 57.931 57.483 58.651 58.61 59.61
64.136 64.224 64.312 64.425 64.903 65.088 65.006 64.865 64.955 65.038 65.218 65.237 65.339 65.458 65.748 65.913 65.961 66.271 66.372 66.243 66.245 66.249 66.055 65.801 65.734 65.447 65.275 64.959 64.55 64.197 63.943 63.713 63.517 63.767 63.383 63.048 62.703 62.308 62.105 62.191 61.891 61.532 61.118 60.808 60.518 60.279 60.081 59.941 59.686 59.412 59.153 58.957 58.855 58.808 58.564 58.342 58.261 58.369 58.238 57.833 57.698 57.615 57.56 57.577 57.614 57.685 58.579 57.924 58.419 58.621 59.835 59.998
64.543 64.633 64.724 64.817 64.911 65.124 65.657 65.459 65.369 65.58 65.811 65.634 66.028 66.232 66.053 66.247 66.466 66.632 66.957 66.911 66.835 66.961 66.835 66.379 66.171 66.057 65.743 65.274 64.96 64.708 64.72 64.582 64.334 63.829 63.614 63.553 63.133 62.871 62.691 62.37 62.442 62.345 61.97 61.646 61.093 60.852 60.627 60.48 60.359 60.187 59.845 59.592 59.509 59.428 59.286 59.26 58.978 58.994 58.871 58.664 58.979 58.452 58.305 58.251 58.289 58.906 59.596 61.19 59.417 59.469 60.005 61.588
64.941 65.033 65.127 65.222 65.319 65.418 65.678 65.716 65.723 65.829 65.935 66.044 66.154 66.506 66.418 66.669 66.819 67.085 67.209 67.199 67.202 67.319 67.276 66.879 66.682 66.548 66.296 65.831 65.43 65.271 64.952 64.761 64.637 64.997 64.534 64.237 63.875 63.48 63.131 62.887 62.86 63.152 62.463 61.99 61.639 61.434 61.249 61.038 60.859 60.748 60.429 60.235 60.125 60.057 60.016 59.971 59.667 59.806 59.705 59.403 60.106 59.203 58.995 59.025 59.51 59.946 59.545 60.261 60.42 60.166 60.701 61.622
65.33 65.424 65.519 65.617 65.716 65.817 65.919 66.024 66.131 66.239 66.35 66.462 66.576 66.693 66.819 66.933 67.292 67.34 67.383 67.465 67.563 67.744 67.566 67.324 67.022 66.809 66.53 66.167 65.899 65.746 65.389 65.098 64.927 64.839 65.567 65.127 64.574 64.658 63.646 63.468 63.354 63.788 63.167 62.424 62.184 61.963 61.791 61.7 61.605 61.312 61.007 60.886 60.8 60.799 60.961 60.91 60.397 60.399 60.336 60.014 60.322 59.912 59.705 60.008 61.88 60.966 60.203 60.361 60.635 61.181 61.245 62.634
65.71 65.805 65.902 66 66.101 66.204 66.308 66.415 66.523 66.633 66.746 66.86 66.977 67.095 67.216 67.339 67.463 67.589 67.716 67.841 67.954 67.98 67.928 67.671 67.42 67.151 66.911 66.684 66.526 66.165 65.868 65.575 65.426 65.147 65.122 65.073 65.281 64.804 64.476 64.317 63.991 63.718 63.384 62.895 62.83 62.543 62.34 62.304 62.218 61.979 61.687 61.541 61.376 61.712 61.67 62.206 61.358 61.14 60.887 60.72 60.56 60.416 60.449 60.496 62.391 61.226 60.897 61.188 61.994 61.866 62.241 61.978
66.08 66.176 66.273 66.373 66.475 66.578 66.684 66.791 66.9 67.011 67.124 67.239 67.355 67.473 67.591 67.711 67.83 67.947 68.059 68.164 68.225 68.192 68.047 67.839 67.703 67.491 67.306 67.074 66.875 66.637 66.392 66.336 65.854 65.54 65.331 65.151 65.38 65.366 65.279 64.96 64.561 64.526 63.75 63.876 63.463 63.266 63.306 62.917 62.763 62.657 62.429 62.391 62.108 62.085 62.239 62.701 62.683 61.794 61.707 61.45 61.299 61.262 61.114 61.986 63.576 61.997 61.61 62.011 62.221 62.134 62.643 62.343
66.44 66.536 66.635 66.735 66.837 66.94 67.046 67.153 67.262 67.373 67.484 67.597 67.711 67.826 67.94 68.052 68.161 68.264 68.354 68.421 68.446 68.405 68.286 68.103 67.923 67.741 67.533 67.419 67.195 67.023 66.823 66.679 66.365 66.16 65.759 65.586 65.675 65.574 65.624 65.352 64.943 65.061 64.719 64.28 63.929 64.164 64.338 63.748 63.482 63.657 63.142 63.206 62.891 62.673 62.672 63.177 62.863 62.381 62.259 62.374 61.839 61.878 61.72 63.255 63.151 62.849 62.223 62.517 64.952 62.968 63.179 62.881
66.791 66.887 66.985 67.085 67.187 67.291 67.396 67.502 67.61 67.718 67.828 67.938 68.048 68.157 68.263 68.367 68.464 68.57 68.62 68.663 68.668 68.621 68.516 68.361 68.171 67.95 67.725 67.639 67.492 67.237 67.142 67.017 66.74 66.561 66.281 66.03 66.011 67.039 66.332 65.965 66.006 65.958 65.614 64.915 64.398 64.338 64.826 64.443 64.152 63.933 64.49 64.412 63.568 63.394 63.608 63.378 63.298 62.87 62.771 63.13 63.393 62.391 62.415 62.706 66.24 63.425 62.859 63.066 63.866 64.066 64.083 62.982
67.131 67.228 67.326 67.425 67.526 67.629 67.733 67.837 67.943 68.049 68.155 68.261 68.366 68.468 68.567 68.66 68.744 68.816 68.868 68.895 68.887 68.838 68.744 68.609 68.44 68.246 68.034 67.964 67.731 67.624 67.428 67.336 67.105 67.024 66.745 66.472 66.178 66.426 66.263 66.199 66.219 66.122 65.592 65.179 65.064 64.924 64.851 65.113 65.307 64.719 64.555 64.706 64.686 64.203 64.291 64.126 63.73 63.411 63.178 63.2 63.484 64.215 62.796 62.733 63.6 64.093 63.417 63.503 63.854 64.731 64.26 63.291
67.463 67.559 67.656 67.755 67.855 67.956 68.058 68.16 68.263 68.366 68.468 68.569 68.668 68.763 68.853 68.936 69.009 69.067 69.107 69.121 69.106 69.056 68.97 68.85 68.701 68.527 68.336 68.172 68.073 67.949 67.799 67.643 67.457 67.364 67.294 67.046 66.986 66.428 66.415 66.505 66.665 66.211 65.937 65.575 65.676 66.137 65.289 65.445 65.599 65.379 65.211 65.14 64.711 64.608 64.458 64.226 64.022 63.851 63.918 63.461 64.019 64.309 63.09 63.144 64.103 65.366 64.042 63.989 64.811 64.728 64.372 64.006
67.785 67.88 67.977 68.074 68.173 68.272 68.372 68.472 68.571 68.67 68.768 68.864 68.956 69.044 69.126 69.199 69.261 69.309 69.338 69.345 69.325 69.276 69.197 69.089 68.955 68.799 68.688 68.61 68.572 68.495 68.187 68.22 67.954 67.78 67.59 67.524 67.333 66.952 66.784 66.65 66.749 66.831 66.316 66.095 66.521 66.221 65.845 65.938 66.278 65.999 65.663 65.275 65.158 65.169 65.01 64.989 64.372 64.247 64.773 64.145 63.762 65.069 63.406 63.27 64.271 66.982 64.657 64.689 65.112 66.027 65.57 64.704
68.098 68.192 68.288 68.384 68.48 68.578 68.675 68.772 68.868 68.963 69.056 69.146 69.232 69.313 69.387 69.452 69.506 69.545 69.566 69.567 69.545 69.497 69.424 69.326 69.205 69.064 68.925 68.77 68.667 68.544 68.425 68.409 68.274 68.117 67.915 67.771 67.553 67.303 67.196 67.181 66.901 67.065 66.95 66.526 66.648 66.827 66.591 66.588 66.726 66.54 66.127 65.78 65.802 65.533 65.364 65.454 64.821 64.496 64.523 64.297 63.956 64.564 63.707 63.579 63.727 66.558 65.802 65.389 65.554 65.845 66.484 65.407
68.403 68.496 68.59 68.684 68.779 68.874 68.968 69.062 69.154 69.245 69.333 69.418 69.499 69.573 69.64 69.697 69.743 69.776 69.791 69.789 69.765 69.719 69.651 69.562 69.452 69.323 69.192 69.061 68.945 68.931 68.959 68.809 68.649 68.388 68.226 67.921 67.707 67.559 67.781 67.803 67.272 67.311 67.141 66.93 66.993 67.007 67.079 67.044 66.762 66.667 66.344 66.198 66.489 65.889 66.147 65.517 65.406 65.111 64.612 64.859 64.232 64.111 64 63.871 63.869 66.619 66.204 66.262 65.045 66.355 66.746 65.995
68.699 68.791 68.883 68.976 69.068 69.16 69.252 69.342 69.431 69.518 69.602 69.681 69.756 69.824 69.885 69.936 69.976 70.003 70.015 70.009 69.985 69.942 69.879 69.797 69.696 69.579 69.448 69.316 69.329 69.333 68.952 68.921 68.688 68.515 68.35 68.492 68.204 67.952 67.784 67.583 67.59 67.357 67.334 67.425 67.142 67.131 67.25 67.51 67.412 67.161 66.883 66.647 66.541 66.322 66.377 65.941 65.683 65.528 65.007 64.611 64.511 64.402 64.282 64.15 64.009 64.408 67.411 65.682 65.885 66.096 67.288 66.905
68.987 69.077 69.168 69.259 69.349 69.439 69.527 69.615 69.7 69.782 69.862 69.937 70.006 70.069 70.124 70.17 70.205 70.228 70.236 70.229 70.206 70.165 70.107 70.031 69.939 69.832 69.712 69.58 69.438 69.288 69.399 68.97 68.89 68.784 68.659 68.726 68.675 68.298 68.093 67.983 67.888 67.621 67.753 67.9 67.44 67.659 67.597 68.086 67.761 68.028 67.496 67.273 67.116 66.776 66.659 67.317 66.078 65.677 65.186 64.919 64.804 64.683 64.554 64.417 64.32 64.312 66.248 65.446 65.996 66.174 66.489 67.487
69.268 69.357 69.445 69.534 69.622 69.709 69.795 69.879 69.961 70.039 70.114 70.185 70.25 70.308 70.359 70.4 70.431 70.451 70.457 70.449 70.426 70.388 70.334 70.265 70.18 70.083 69.972 69.851 69.72 69.581 69.436 69.285 69.208 69.112 69.02 68.917 68.862 68.67 68.452 68.374 68.256 68.04 68.067 68.041 67.825 68.019 68.559 68.14 68.221 68.421 68.322 68.243 67.57 67.198 66.996 66.624 66.305 66.448 65.343 65.217 65.088 64.954 64.815 64.69 64.642 64.738 65.866 65.477 65.931 67.357 66.41 67.26
69.541 69.628 69.715 69.802 69.888 69.972 70.055 70.136 70.214 70.29 70.361 70.427 70.488 70.542 70.589 70.627 70.655 70.672 70.677 70.669 70.647 70.611 70.561 70.498 70.42 70.331 70.23 70.118 69.997 69.869 69.734 69.593 69.448 69.484 69.212 69.327 69.116 68.906 68.838 68.727 68.59 68.494 68.395 68.349 68.341 68.34 68.255 68.36 68.88 68.82 68.988 68.387 68.404 67.261 67.003 67.1 66.842 65.93 65.645 65.505 65.362 65.216 65.067 64.93 64.857 65.31 64.964 65.233 65.765 67.123 66.358 67.215
69.808 69.893 69.979 70.063 70.147 70.229 70.309 70.387 70.462 70.534 70.601 70.664 70.721 70.772 70.815 70.85 70.876 70.891 70.895 70.887 70.867 70.834 70.788 70.73 70.659 70.577 70.484 70.381 70.27 70.151 70.026 69.895 69.759 69.705 69.892 69.688 69.344 69.239 69.13 69.081 68.994 68.95 68.85 68.746 68.601 68.752 68.76 68.989 69.179 69.053 68.79 68.362 68.025 67.93 67.191 66.729 66.348 66.09 65.939 65.785 65.629 65.471 65.311 65.149 65.034 65.28 65.175 65.637 66.716 66.115 66.114 67.873
70.068 70.152 70.235 70.318 70.399 70.479 70.556 70.631 70.703 70.772 70.837 70.896 70.95 70.998 71.039 71.071 71.095 71.109 71.113 71.105 71.087 71.056 71.015 70.961 70.896 70.821 70.736 70.642 70.539 70.429 70.313 70.191 70.153 70.175 70.154 69.861 69.889 69.804 69.592 69.483 69.41 69.412 69.295 69.075 69.008 68.958 68.839 69.117 69.28 69.575 69.394 69.363 68.867 67.717 67.035 66.891 66.647 66.39 66.226 66.059 65.89 65.719 65.547 65.374 65.407 65.586 66.414 65.428 65.622 66.011 66.395 66.596
70.322 70.404 70.486 70.566 70.645 70.723 70.798 70.87 70.94 71.006 71.067 71.124 71.176 71.221 71.259 71.29 71.312 71.325 71.329 71.323 71.306 71.278 71.24 71.191 71.132 71.064 70.986 70.899 70.804 71.024 70.595 70.481 70.363 70.241 70.268 70.016 70.062 70.069 69.782 69.652 69.672 69.525 69.462 69.473 69.338 69.213 69.083 68.921 69.159 69.163 68.802 68.732 68.519 67.444 67.208 67.031 66.86 66.685 66.508 66.329 66.146 65.962 65.777 65.962 66.058 65.875 66.008 65.601 65.978 66.706 66.789 68.668
70.57 70.651 70.731 70.809 70.886 70.961 71.034 71.104 71.171 71.235 71.294 71.348 71.397 71.44 71.477 71.506 71.528 71.54 71.544 71.539 71.524 71.499 71.465 71.421 71.367 71.304 71.233 71.153 71.066 70.973 70.873 70.767 70.657 70.543 70.424 70.303 70.321 70.15 70.049 70.016 69.938 69.882 69.894 69.741 69.692 69.641 69.191 69.085 69.545 68.961 68.684 68.344 67.888 67.698 67.523 67.345 67.163 66.977 66.788 66.595 66.399 66.38 66.367 66.244 66.219 66.705 66.029 65.676 65.919 66.475 67.304 67.403
70.813 70.892 70.97 71.047 71.122 71.195 71.266 71.334 71.398 71.459 71.516 71.569 71.616 71.657 71.692 71.72 71.741 71.754 71.759 71.755 71.742 71.72 71.689 71.649 71.6 71.543 71.478 71.405 71.325 71.239 71.147 71.049 70.947 70.84 70.729 70.615 70.555 70.453 70.362 70.303 70.239 70.164 70.223 70.1 69.985 70.057 70.005 69.394 69.148 68.909 68.566 68.378 68.205 68.027 67.845 67.657 67.465 67.268 67.066 66.86 66.651 66.577 66.586 66.554 66.669 67.472 66.005 65.734 65.719 66.23 67.973 67.786
71.05 71.128 71.204 71.279 71.353 71.424 71.493 71.559 71.621 71.68 71.735 71.786 71.831 71.871 71.905 71.933 71.953 71.966 71.971 71.969 71.958 71.939 71.911 71.875 71.832 71.78 71.721 71.654 71.581 71.502 71.417 71.327 71.231 71.132 71.028 70.921 70.81 70.797 70.744 70.776 70.625 70.498 70.455 70.576 70.401 70.522 69.988 69.638 69.549 69.057 68.891 68.718 68.54 68.356 68.165 67.969 67.766 67.558 67.345 67.126 66.986 67.186 66.823 67.054 66.852 67.357 66.545 67.192 65.773 66.091 67.779 67.265
71.282 71.359 71.434 71.507 71.579 71.648 71.715 71.779 71.84 71.898 71.951 72 72.044 72.083 72.116 72.143 72.163 72.177 72.183 72.182 72.173 72.157 72.132 72.101 72.061 72.015 71.961 71.901 71.834 71.761 71.683 71.6 71.512 71.42 71.323 71.223 71.118 71.024 71.476 71.147 70.975 71.013 71.181 70.963 71.038 70.734 70.452 69.908 69.566 69.403 69.234 69.058 68.875 68.684 68.486 68.282 68.07 67.851 67.626 67.395 67.383 67.479 67.509 67.568 67.249 65.97 65.989 66.131 65.714 66.013 66.67 67.249
71.51 71.585 71.659 71.731 71.801 71.868 71.934 71.996 72.055 72.111 72.163 72.211 72.254 72.292 72.324 72.351 72.371 72.386 72.393 72.393 72.387 72.373 72.352 72.324 72.289 72.248 72.199 72.145 72.084 72.018 71.946 71.87 71.789 71.703 71.613 71.52 71.422 71.321 71.576 71.281 71.31 71.262 71.421 71.716 71.129 70.853 70.709 70.205 69.913 69.749 69.578 69.398 69.21 69.014 68.81 68.597 68.376 68.148 67.911 67.668 67.768 67.863 68.22 67.785 67.086 66.126 65.97 66.365 65.883 66.263 67.112 67.485
71.734 71.807 71.879 71.95 72.018 72.085 72.148 72.209 72.267 72.322 72.372 72.419 72.461 72.498 72.53 72.557 72.578 72.593 72.601 72.604 72.599 72.588 72.57 72.546 72.515 72.478 72.435 72.386 72.331 72.271 72.206 72.136 72.061 71.982 71.899 71.812 71.721 71.626 71.707 71.669 71.655 71.532 71.778 72.227 71.765 71.113 70.922 70.417 70.26 70.096 69.922 69.74 69.548 69.347 69.137 68.917 68.688 68.45 68.203 67.948 68.419 68.469 68.372 67.431 66.579 66.301 66.035 65.925 65.81 65.856 66.188 67.217
71.953 72.025 72.096 72.165 72.232 72.297 72.359 72.419 72.476 72.529 72.579 72.624 72.666 72.703 72.734 72.761 72.783 72.798 72.808 72.812 72.81 72.801 72.787 72.766 72.739 72.707 72.668 72.625 72.575 72.521 72.462 72.398 72.33 72.258 72.181 72.101 72.016 71.928 72.113 72.231 72.729 71.958 72.55 72.362 72.017 71.048 70.91 70.764 70.608 70.444 70.269 70.084 69.889 69.684 69.468 69.242 69.005 68.759 68.502 68.306 68.669 68.774 68.121 67.517 66.786 66.484 66.188 65.979 65.855 65.809 65.838 66.432
72.168 72.239 72.309 72.376 72.442 72.506 72.567 72.626 72.681 72.733 72.782 72.827 72.868 72.904 72.936 72.963 72.985 73.002 73.013 73.019 73.019 73.013 73.001 72.984 72.961 72.933 72.899 72.86 72.817 72.768 72.715 72.657 72.595 72.529 72.459 72.385 72.307 72.225 72.139 72.123 72.275 72.341 72.925 71.929 71.516 71.492 71.255 71.111 70.958 70.793 70.618 70.432 70.235 70.025 69.805 69.573 69.33 69.076 68.811 68.707 68.649 68.791 68.255 67.33 67.011 66.683 66.355 66.039 65.827 65.641 65.726 66.089
