raw_data/climate/rel_humidity_9am.asc
ncols         501
nrows         361
xllcorner     109.95
yllcorner     -45.05
cellsize      0.1
NODATA_value  -9999
[rows 224 to 255 of 361, columns 144 to 215 of 501]
56.888 56.903 56.954 56.995 57.027 57.053 57.089 57.137 57.179 57.204 57.295 57.354 57.366 57.399 57.433 57.499 57.568 57.626 57.688 57.731 57.719 57.747 57.782 57.891 57.921 57.943 58.019 58.076 58.107 58.156 58.174 58.288 58.316 58.399 58.468 58.59 58.752 58.937 59.139 59.412 59.671 59.85 60.223 60.502 60.764 60.949 61.127 61.163 61.274 61.323 61.377 61.43 61.48 61.524 61.624 61.585 61.67 61.745 61.778 61.844 61.908 61.937 62.001 62.086 62.176 62.252 62.283 62.189 62.424 62.487 62.639 62.768
57.274 57.306 57.351 57.384 57.412 57.441 57.474 57.515 57.58 57.599 57.683 57.739 57.782 57.858 57.857 57.913 58.036 58.056 58.089 58.128 58.137 58.156 58.202 58.284 58.359 58.395 58.446 58.489 58.547 58.594 58.633 58.74 58.782 58.872 58.987 59.094 59.287 59.48 59.606 59.904 60.201 60.343 60.76 61.056 61.314 61.501 61.649 61.69 61.749 61.798 61.842 61.884 61.909 61.934 62.014 62.044 62.085 62.146 62.204 62.247 62.287 62.218 62.371 62.466 62.52 62.594 62.668 62.507 62.554 62.678 62.819 63.251
57.669 57.704 57.787 57.811 57.828 57.84 57.867 57.91 57.981 58.013 58.068 58.128 58.188 58.243 58.292 58.332 58.43 58.468 58.528 58.557 58.569 58.567 58.609 58.677 58.767 58.817 58.899 58.871 58.961 59.042 59.082 59.191 59.249 59.327 59.443 59.6 59.782 60.001 60.119 60.343 60.7 60.763 61.277 61.601 61.843 62.096 62.131 62.194 62.126 62.21 62.329 62.047 62.193 62.13 62.436 62.067 62.126 62.188 62.252 62.318 62.386 62.455 62.525 62.597 62.671 62.745 62.821 62.898 62.976 63.055 63.135 63.216
58.071 58.114 58.166 58.23 58.235 58.259 58.29 58.308 58.388 58.426 58.438 58.483 58.574 58.616 58.665 58.728 58.792 58.851 58.914 58.964 58.988 58.964 59.026 59.089 59.18 59.216 59.297 59.257 59.363 59.475 59.508 59.612 59.68 59.766 59.847 60.07 60.191 60.479 60.629 60.795 61.188 61.175 61.491 61.893 62.063 62.068 62.631 62.146 62.178 62.211 62.248 62.29 62.334 62.383 62.434 62.489 62.546 62.606 62.668 62.732 62.799 62.867 62.937 63.009 63.083 63.158 63.234 63.312 63.391 63.472 63.554 63.637
58.5 58.501 58.584 58.637 58.623 58.656 58.713 58.721 58.767 58.837 58.894 58.877 58.932 58.995 59.068 59.15 59.169 59.216 59.282 59.356 59.403 59.375 59.436 59.495 59.519 59.671 59.741 59.622 59.79 59.906 59.944 59.948 60.088 60.228 60.181 60.385 60.515 60.864 60.852 61.127 61.348 61.449 61.69 61.95 62.21 62.402 62.503 62.555 62.593 62.629 62.666 62.706 62.749 62.795 62.845 62.898 62.954 63.013 63.074 63.137 63.203 63.271 63.341 63.413 63.487 63.563 63.64 63.719 63.799 63.881 63.965 64.05
58.885 58.895 58.99 59.026 59.035 59.046 59.105 59.115 59.157 59.206 59.271 59.296 59.318 59.367 59.442 59.507 59.544 59.6 59.677 59.751 59.799 59.79 59.875 59.918 60.005 60.009 59.967 59.945 59.951 60.068 60.159 60.431 60.293 60.647 60.457 60.613 60.795 61.04 61.141 61.368 61.575 61.825 62.079 62.328 62.551 62.726 62.842 62.917 62.97 63.015 63.057 63.1 63.145 63.192 63.242 63.295 63.35 63.409 63.47 63.533 63.599 63.667 63.737 63.809 63.883 63.96 64.038 64.118 64.2 64.283 64.368 64.455
59.273 59.305 59.394 59.401 59.431 59.425 59.452 59.493 59.552 59.573 59.625 59.618 59.708 59.746 59.81 59.885 59.956 59.994 60.08 60.147 60.247 60.09 60.147 60.202 60.332 60.235 60.15 60.2 60.299 60.351 60.423 60.504 60.617 60.781 60.888 61.067 61.216 61.362 61.557 61.771 61.996 62.226 62.457 62.678 62.876 63.039 63.162 63.252 63.32 63.376 63.426 63.475 63.523 63.573 63.625 63.679 63.735 63.794 63.855 63.919 63.985 64.053 64.124 64.197 64.272 64.349 64.428 64.509 64.592 64.676 64.763 64.851
59.661 59.692 59.736 59.726 59.782 59.807 59.855 59.892 59.951 59.948 59.987 60.016 60.055 60.132 60.199 60.248 60.319 60.351 60.506 60.457 60.454 60.371 60.338 60.39 60.542 60.58 60.564 60.627 60.674 60.795 60.884 60.984 61.062 61.17 61.297 61.441 61.609 61.789 61.981 62.183 62.393 62.605 62.815 63.014 63.194 63.348 63.473 63.572 63.652 63.719 63.778 63.833 63.886 63.94 63.994 64.05 64.108 64.169 64.231 64.295 64.362 64.431 64.503 64.576 64.652 64.73 64.81 64.891 64.975 65.061 65.149 65.239
60.058 60.086 60.119 60.123 60.141 60.098 60.247 60.276 60.328 60.343 60.405 60.465 60.456 60.531 60.578 60.639 60.706 60.614 60.639 60.728 60.643 60.697 60.747 60.773 60.943 60.984 60.942 61.128 61.117 61.178 61.263 61.366 61.451 61.578 61.718 61.869 62.031 62.204 62.387 62.577 62.772 62.968 63.16 63.342 63.509 63.656 63.781 63.885 63.973 64.048 64.115 64.176 64.236 64.294 64.352 64.41 64.471 64.533 64.596 64.662 64.73 64.8 64.872 64.947 65.023 65.102 65.183 65.266 65.35 65.437 65.526 65.617
60.44 60.471 60.479 60.515 60.524 60.524 60.405 60.689 60.7 60.748 60.786 60.824 60.851 60.768 60.853 60.741 60.706 60.8 60.897 60.985 61.029 61.063 61.101 61.145 61.195 61.251 61.314 61.385 61.465 61.552 61.649 61.755 61.871 61.997 62.134 62.281 62.437 62.603 62.776 62.954 63.136 63.318 63.495 63.664 63.821 63.962 64.085 64.192 64.286 64.367 64.441 64.509 64.573 64.636 64.698 64.76 64.823 64.887 64.952 65.02 65.089 65.16 65.234 65.309 65.386 65.466 65.547 65.631 65.717 65.805 65.894 65.986
60.821 60.849 60.86 60.886 60.956 60.896 60.699 61.083 61.125 61.11 61.102 61.139 61.064 60.883 60.918 61.002 61.09 61.18 61.268 61.345 61.402 61.448 61.493 61.541 61.594 61.653 61.719 61.792 61.872 61.961 62.058 62.164 62.279 62.403 62.536 62.678 62.829 62.987 63.151 63.319 63.489 63.659 63.824 63.982 64.13 64.266 64.388 64.496 64.593 64.68 64.758 64.832 64.901 64.968 65.034 65.099 65.165 65.231 65.299 65.368 65.439 65.512 65.586 65.662 65.741 65.821 65.904 65.988 66.074 66.163 66.253 66.346
61.173 61.214 61.228 61.204 61.285 61.321 61.045 61.141 61.4 61.376 61.265 61.296 61.142 61.217 61.297 61.379 61.463 61.548 61.629 61.702 61.764 61.819 61.871 61.925 61.982 62.044 62.112 62.187 62.269 62.358 62.455 62.56 62.674 62.795 62.925 63.063 63.207 63.358 63.514 63.672 63.833 63.992 64.147 64.296 64.437 64.568 64.688 64.797 64.896 64.986 65.069 65.147 65.22 65.291 65.361 65.429 65.498 65.567 65.637 65.708 65.78 65.854 65.93 66.007 66.087 66.168 66.251 66.336 66.423 66.512 66.603 66.696
61.479 61.594 61.587 61.577 61.63 61.62 61.652 61.334 61.463 61.644 61.379 61.446 61.517 61.591 61.668 61.747 61.827 61.907 61.983 62.055 62.12 62.181 62.239 62.297 62.359 62.424 62.495 62.572 62.655 62.744 62.841 62.945 63.057 63.176 63.302 63.435 63.574 63.718 63.866 64.016 64.168 64.318 64.465 64.606 64.741 64.868 64.985 65.094 65.195 65.287 65.374 65.455 65.532 65.607 65.68 65.751 65.823 65.894 65.966 66.039 66.113 66.189 66.266 66.344 66.424 66.506 66.59 66.676 66.763 66.853 66.944 67.037
61.9 61.987 61.995 61.896 61.978 61.973 61.878 61.576 61.63 61.689 61.751 61.817 61.885 61.957 62.031 62.107 62.184 62.26 62.334 62.405 62.472 62.536 62.598 62.661 62.726 62.795 62.868 62.946 63.03 63.12 63.216 63.32 63.429 63.546 63.668 63.796 63.93 64.068 64.209 64.352 64.495 64.638 64.777 64.913 65.042 65.165 65.281 65.389 65.49 65.585 65.673 65.758 65.838 65.916 65.991 66.066 66.14 66.214 66.288 66.362 66.438 66.515 66.593 66.673 66.754 66.837 66.921 67.007 67.095 67.184 67.276 67.368
62.267 62.288 62.344 62.242 62.069 61.91 61.897 61.947 62 62.057 62.118 62.181 62.248 62.317 62.388 62.461 62.535 62.609 62.681 62.751 62.819 62.885 62.951 63.017 63.085 63.156 63.231 63.311 63.395 63.486 63.582 63.683 63.791 63.905 64.024 64.148 64.276 64.409 64.543 64.68 64.817 64.952 65.086 65.215 65.34 65.46 65.573 65.681 65.782 65.878 65.968 66.055 66.138 66.218 66.296 66.373 66.45 66.526 66.602 66.678 66.755 66.833 66.913 66.993 67.075 67.159 67.244 67.33 67.418 67.508 67.599 67.691
62.309 62.304 62.244 62.142 62.179 62.22 62.265 62.313 62.365 62.42 62.478 62.54 62.604 62.671 62.74 62.811 62.882 62.953 63.024 63.093 63.162 63.23 63.297 63.366 63.436 63.509 63.586 63.667 63.752 63.842 63.937 64.038 64.144 64.255 64.37 64.49 64.614 64.741 64.871 65.001 65.132 65.262 65.39 65.515 65.636 65.752 65.863 65.97 66.071 66.167 66.259 66.347 66.432 66.515 66.595 66.675 66.753 66.831 66.908 66.987 67.065 67.145 67.225 67.306 67.389 67.473 67.558 67.645 67.733 67.822 67.913 68.005
62.426 62.45 62.478 62.51 62.545 62.584 62.627 62.674 62.724 62.777 62.834 62.893 62.956 63.02 63.087 63.155 63.224 63.293 63.363 63.432 63.501 63.569 63.638 63.709 63.781 63.855 63.933 64.014 64.1 64.19 64.284 64.383 64.487 64.595 64.708 64.824 64.944 65.066 65.191 65.316 65.441 65.566 65.689 65.81 65.927 66.041 66.151 66.256 66.356 66.453 66.546 66.635 66.722 66.806 66.889 66.97 67.05 67.129 67.209 67.288 67.368 67.449 67.53 67.612 67.695 67.78 67.865 67.952 68.04 68.129 68.219 68.31
62.793 62.815 62.842 62.872 62.906 62.944 62.985 63.03 63.078 63.129 63.184 63.242 63.302 63.364 63.428 63.494 63.561 63.629 63.697 63.766 63.835 63.904 63.974 64.045 64.119 64.194 64.273 64.354 64.44 64.529 64.623 64.721 64.822 64.928 65.038 65.151 65.266 65.384 65.504 65.625 65.746 65.866 65.985 66.102 66.216 66.327 66.435 66.539 66.639 66.735 66.829 66.919 67.007 67.093 67.176 67.259 67.341 67.422 67.502 67.583 67.664 67.746 67.828 67.911 67.994 68.079 68.165 68.251 68.339 68.428 68.517 68.608
63.155 63.176 63.201 63.229 63.262 63.298 63.337 63.381 63.427 63.477 63.529 63.585 63.643 63.703 63.765 63.829 63.895 63.961 64.028 64.096 64.165 64.234 64.305 64.377 64.45 64.527 64.605 64.687 64.773 64.861 64.954 65.05 65.15 65.253 65.36 65.47 65.582 65.696 65.812 65.928 66.045 66.161 66.277 66.39 66.501 66.61 66.716 66.818 66.918 67.014 67.108 67.199 67.287 67.374 67.459 67.543 67.626 67.708 67.79 67.872 67.954 68.036 68.119 68.202 68.286 68.371 68.457 68.543 68.631 68.719 68.807 68.897
63.512 63.531 63.555 63.582 63.613 63.647 63.685 63.726 63.771 63.819 63.869 63.923 63.979 64.037 64.098 64.16 64.224 64.289 64.355 64.422 64.49 64.56 64.63 64.702 64.777 64.853 64.932 65.014 65.098 65.186 65.278 65.372 65.47 65.572 65.676 65.782 65.891 66.002 66.114 66.227 66.34 66.452 66.564 66.674 66.783 66.889 66.993 67.095 67.193 67.289 67.383 67.474 67.564 67.651 67.737 67.822 67.906 67.989 68.072 68.155 68.237 68.32 68.403 68.487 68.571 68.656 68.742 68.828 68.915 69.002 69.09 69.179
63.864 63.882 63.904 63.929 63.958 63.991 64.027 64.067 64.11 64.156 64.205 64.257 64.311 64.367 64.426 64.487 64.549 64.613 64.678 64.744 64.812 64.88 64.951 65.023 65.097 65.173 65.252 65.334 65.418 65.505 65.595 65.688 65.784 65.883 65.985 66.089 66.194 66.302 66.411 66.52 66.63 66.739 66.848 66.955 67.061 67.166 67.268 67.368 67.466 67.561 67.655 67.746 67.836 67.924 68.01 68.096 68.181 68.265 68.348 68.432 68.515 68.598 68.682 68.766 68.85 68.935 69.02 69.106 69.193 69.279 69.366 69.454
64.211 64.227 64.247 64.271 64.299 64.33 64.365 64.403 64.444 64.488 64.536 64.585 64.638 64.693 64.75 64.809 64.87 64.932 64.996 65.061 65.128 65.197 65.267 65.339 65.412 65.488 65.567 65.647 65.731 65.817 65.906 65.997 66.092 66.189 66.288 66.389 66.492 66.597 66.702 66.808 66.915 67.021 67.127 67.232 67.336 67.438 67.539 67.638 67.735 67.83 67.923 68.014 68.104 68.192 68.279 68.365 68.451 68.535 68.619 68.703 68.787 68.871 68.954 69.039 69.123 69.208 69.293 69.378 69.464 69.55 69.636 69.722
64.552 64.567 64.586 64.608 64.635 64.664 64.697 64.734 64.773 64.816 64.862 64.91 64.961 65.014 65.069 65.127 65.186 65.247 65.31 65.375 65.441 65.508 65.578 65.649 65.723 65.798 65.876 65.956 66.038 66.123 66.211 66.301 66.393 66.488 66.585 66.684 66.784 66.886 66.989 67.092 67.196 67.3 67.403 67.506 67.607 67.708 67.807 67.904 68 68.094 68.187 68.278 68.368 68.456 68.544 68.63 68.716 68.801 68.885 68.969 69.053 69.137 69.221 69.305 69.39 69.474 69.559 69.643 69.728 69.813 69.898 69.983
64.888 64.902 64.919 64.94 64.965 64.993 65.025 65.06 65.098 65.139 65.183 65.229 65.279 65.33 65.384 65.44 65.498 65.558 65.62 65.683 65.749 65.816 65.885 65.955 66.028 66.103 66.18 66.259 66.34 66.424 66.51 66.599 66.689 66.782 66.877 66.973 67.071 67.171 67.271 67.372 67.473 67.574 67.675 67.776 67.875 67.974 68.071 68.168 68.262 68.356 68.448 68.539 68.628 68.717 68.804 68.891 68.976 69.061 69.146 69.231 69.315 69.399 69.483 69.567 69.651 69.735 69.819 69.903 69.987 70.071 70.155 70.239
65.219 65.231 65.247 65.267 65.291 65.318 65.348 65.381 65.418 65.457 65.5 65.545 65.592 65.643 65.695 65.75 65.806 65.865 65.926 65.988 66.052 66.119 66.187 66.256 66.328 66.402 66.478 66.556 66.637 66.719 66.804 66.891 66.98 67.071 67.164 67.258 67.354 67.451 67.548 67.647 67.746 67.845 67.943 68.042 68.139 68.236 68.332 68.427 68.521 68.614 68.705 68.795 68.885 68.973 69.06 69.147 69.232 69.318 69.402 69.487 69.571 69.655 69.739 69.822 69.906 69.99 70.073 70.157 70.24 70.323 70.406 70.488
65.544 65.555 65.57 65.589 65.611 65.637 65.666 65.698 65.733 65.771 65.812 65.855 65.902 65.95 66.001 66.055 66.11 66.168 66.227 66.288 66.352 66.417 66.484 66.553 66.624 66.697 66.772 66.849 66.928 67.01 67.093 67.179 67.266 67.355 67.446 67.538 67.631 67.726 67.822 67.918 68.014 68.111 68.208 68.304 68.4 68.496 68.59 68.684 68.776 68.868 68.959 69.049 69.137 69.225 69.312 69.399 69.484 69.57 69.654 69.738 69.822 69.906 69.99 70.073 70.156 70.239 70.322 70.405 70.488 70.57 70.651 70.732
65.864 65.874 65.888 65.906 65.927 65.951 65.979 66.009 66.043 66.08 66.119 66.162 66.207 66.254 66.304 66.356 66.41 66.466 66.524 66.585 66.647 66.711 66.777 66.845 66.915 66.987 67.061 67.137 67.215 67.295 67.377 67.461 67.547 67.634 67.723 67.813 67.905 67.997 68.091 68.185 68.279 68.374 68.469 68.563 68.657 68.751 68.844 68.937 69.028 69.119 69.209 69.298 69.386 69.474 69.561 69.647 69.732 69.817 69.902 69.986 70.069 70.153 70.236 70.319 70.402 70.484 70.566 70.648 70.73 70.811 70.891 70.971
66.179 66.188 66.201 66.218 66.237 66.261 66.287 66.316 66.349 66.384 66.423 66.463 66.507 66.553 66.601 66.652 66.705 66.76 66.817 66.877 66.938 67.001 67.066 67.133 67.202 67.273 67.346 67.421 67.497 67.576 67.657 67.739 67.823 67.908 67.995 68.084 68.174 68.264 68.356 68.448 68.54 68.633 68.726 68.819 68.911 69.003 69.095 69.186 69.277 69.367 69.456 69.544 69.632 69.719 69.805 69.891 69.976 70.06 70.145 70.228 70.312 70.395 70.477 70.56 70.642 70.724 70.805 70.886 70.967 71.047 71.126 71.205
66.488 66.497 66.509 66.524 66.543 66.565 66.59 66.619 66.65 66.684 66.721 66.761 66.803 66.848 66.895 66.945 66.996 67.05 67.106 67.164 67.224 67.286 67.351 67.416 67.484 67.554 67.626 67.7 67.775 67.852 67.931 68.012 68.095 68.179 68.264 68.35 68.438 68.527 68.616 68.707 68.797 68.888 68.979 69.071 69.162 69.252 69.343 69.433 69.522 69.611 69.699 69.787 69.874 69.96 70.046 70.131 70.215 70.3 70.383 70.467 70.55 70.632 70.715 70.796 70.878 70.959 71.04 71.12 71.2 71.279 71.357 71.434
66.792 66.8 66.811 66.826 66.844 66.865 66.889 66.916 66.946 66.979 67.015 67.054 67.095 67.138 67.184 67.233 67.283 67.336 67.391 67.448 67.507 67.568 67.631 67.696 67.762 67.831 67.902 67.974 68.048 68.124 68.202 68.281 68.362 68.444 68.528 68.613 68.699 68.786 68.873 68.962 69.051 69.14 69.229 69.319 69.408 69.498 69.587 69.676 69.764 69.852 69.939 70.026 70.112 70.197 70.283 70.367 70.451 70.535 70.618 70.701 70.784 70.866 70.947 71.028 71.109 71.19 71.27 71.349 71.428 71.506 71.583 71.659
67.091 67.099 67.109 67.123 67.14 67.16 67.183 67.209 67.238 67.27 67.305 67.342 67.382 67.425 67.47 67.517 67.566 67.618 67.672 67.727 67.785 67.845 67.907 67.971 68.036 68.104 68.173 68.244 68.317 68.392 68.468 68.546 68.625 68.706 68.788 68.871 68.955 69.041 69.127 69.213 69.301 69.388 69.476 69.564 69.652 69.74 69.828 69.915 70.002 70.089 70.175 70.261 70.347 70.431 70.516 70.6 70.683 70.767 70.849 70.932 71.013 71.095 71.176 71.256 71.336 71.416 71.495 71.573 71.651 71.728 71.804 71.879
67.385 67.392 67.402 67.415 67.431 67.45 67.472 67.498 67.526 67.557 67.59 67.627 67.666 67.707 67.751 67.797 67.845 67.895 67.948 68.003 68.06 68.118 68.179 68.242 68.306 68.372 68.441 68.51 68.582 68.655 68.73 68.807 68.884 68.964 69.044 69.126 69.208 69.292 69.376 69.461 69.547 69.633 69.719 69.806 69.892 69.979 70.065 70.151 70.237 70.323 70.408 70.493 70.578 70.662 70.746 70.829 70.912 70.994 71.076 71.158 71.239 71.32 71.4 71.48 71.559 71.638 71.716 71.794 71.871 71.947 72.021 72.095
